10 10
10 12
10 14
10 16
10 18
10 20
10 22
10 24
10 26
10 28
10 30
10 32
10 34
10 36
10 38
10 56
10 58
10 60
10 62
10 64
10 82
10 84
10 86
10 88
10 102
10 104
10 106
10 108
10 110
10 128
10 130
10 132
10 134
12 8
12 10
12 12
12 14
12 16
12 18
12 20
12 22
12 24
12 26
12 28
12 30
12 32
12 34
12 36
12 38
12 40
12 42
12 44
12 46
12 48
12 50
12 52
12 54
12 56
12 58
12 60
12 62
12 64
12 66
12 68
12 70
12 72
12 74
12 76
12 78
12 80
12 82
12 84
12 86
12 88
12 90
12 92
12 94
12 96
12 98
12 100
12 102
12 104
12 106
12 108
12 110
12 112
12 114
12 116
12 118
12 120
12 122
12 124
12 126
12 128
12 130
12 132
12 134
14 8
14 10
14 12
14 14
14 16
14 18
14 20
14 22
14 24
14 26
14 28
14 30
14 32
14 34
14 36
14 38
14 40
14 42
14 44
14 46
14 48
14 50
14 52
14 54
14 56
14 58
14 60
14 62
14 64
14 66
14 68
14 70
14 72
14 74
14 76
14 78
14 80
14 82
14 84
14 86
14 88
14 90
14 92
14 94
14 96
14 98
14 100
14 102
14 104
14 106
14 108
14 110
14 112
14 114
14 116
14 118
14 120
14 122
14 124
14 126
14 128
14 130
14 132
14 134
16 10
16 12
16 14
16 16
16 18
16 20
16 22
16 24
16 26
16 28
16 30
16 32
16 34
16 36
16 38
16 56
16 58
16 60
16 62
16 82
16 84
16 86
16 88
16 90
16 92
16 94
16 96
16 98
16 100
16 102
16 104
16 106
16 108
16 110
16 112
16 114
16 116
16 118
16 120
16 122
16 124
18 10
18 12
18 14
18 16
18 18
18 20
18 22
18 24
18 26
18 28
18 30
18 32
18 34
18 36
18 38
18 56
18 58
18 60
18 62
18 82
18 84
18 86
18 88
18 90
18 92
18 94
18 96
18 98
18 100
18 102
18 104
18 106
18 108
18 110
18 112
18 114
18 116
18 118
18 120
18 122
18 124
20 10
20 12
20 14
20 16
20 18
20 20
20 22
20 24
20 26
20 28
20 30
20 32
20 34
20 36
20 38
20 56
20 58
20 60
20 62
20 82
20 84
20 86
20 88
20 90
20 92
20 94
20 96
20 98
20 100
20 102
20 104
20 106
20 108
20 110
20 112
20 114
20 116
20 118
20 120
20 122
20 124
22 10
22 12
22 14
22 16
22 18
22 20
22 22
22 24
22 26
22 28
22 30
22 32
22 34
22 36
22 38
22 56
22 58
22 60
22 62
22 82
22 84
22 86
22 88
22 90
22 92
22 94
22 96
22 98
22 100
22 102
22 104
22 106
22 108
22 110
22 112
22 114
22 116
22 118
22 120
22 122
22 124
24 10
24 12
24 14
24 16
24 18
24 20
24 22
24 24
24 26
24 28
24 30
24 32
24 34
24 36
24 38
24 56
24 58
24 60
24 62
24 82
24 84
24 86
24 88
24 90
24 92
24 94
24 96
24 98
24 100
24 102
24 104
24 106
24 108
24 110
24 112
24 114
24 116
24 118
24 120
24 122
24 124
26 10
26 12
26 14
26 16
26 18
26 20
26 22
26 24
26 26
26 28
26 30
26 32
26 34
26 36
26 38
26 56
26 58
26 60
26 62
26 82
26 84
26 86
26 88
26 90
26 92
26 94
26 96
26 98
26 100
26 102
26 104
26 106
26 108
26 110
26 112
26 114
26 116
26 118
26 120
26 122
26 124
28 10
28 12
28 14
28 16
28 18
28 20
28 22
28 24
28 26
28 28
28 30
28 32
28 34
28 36
28 38
28 56
28 58
28 60
28 62
28 82
28 84
28 86
28 88
28 90
28 92
28 94
28 96
28 98
28 100
28 102
28 104
28 106
28 108
28 110
28 112
28 114
28 116
28 118
28 120
28 122
28 124
30 10
30 12
30 14
30 16
30 18
30 20
30 22
30 24
30 26
30 28
30 30
30 32
30 34
30 36
30 38
30 56
30 58
30 60
30 62
30 82
30 84
30 86
30 88
30 90
30 92
30 94
30 96
30 98
30 100
30 102
30 104
30 106
30 108
30 110
30 112
30 114
30 116
30 118
30 120
30 122
30 124
32 10
32 12
32 14
32 16
32 18
32 20
32 22
32 24
32 26
32 28
32 30
32 32
32 34
32 36
32 38
32 56
32 58
32 60
32 62
32 82
32 84
32 86
32 88
32 90
32 92
32 94
32 96
32 98
32 100
32 102
32 104
32 106
32 108
32 110
32 112
32 114
32 116
32 118
32 120
32 122
32 124
34 8
34 10
34 12
34 14
34 16
34 18
34 20
34 22
34 24
34 26
34 28
34 30
34 32
34 34
34 36
34 38
34 40
34 42
34 44
34 46
34 48
34 50
34 52
34 54
34 56
34 58
34 60
34 62
34 64
34 66
34 68
34 70
34 72
34 74
34 76
34 78
34 80
34 82
34 84
34 86
34 88
34 90
34 92
34 94
34 96
34 98
34 100
34 102
34 104
34 106
34 108
34 110
34 112
34 114
34 116
34 118
34 120
34 122
34 124
34 126
36 8
36 10
36 12
36 14
36 16
36 18
36 20
36 22
36 24
36 26
36 28
36 30
36 32
36 34
36 36
36 38
36 40
36 42
36 44
36 46
36 48
36 50
36 52
36 54
36 56
36 58
36 60
36 62
36 64
36 66
36 68
36 70
36 72
36 74
36 76
36 78
36 80
36 82
36 84
36 86
36 88
36 90
36 92
36 94
36 96
36 98
36 100
36 102
36 104
36 106
36 108
36 110
36 112
36 114
36 116
36 118
36 120
36 122
36 124
36 126
38 8
38 10
38 12
38 14
38 16
38 18
38 20
38 22
38 24
38 26
38 28
38 30
38 32
38 34
38 36
38 38
38 40
38 42
38 44
38 46
38 48
38 50
38 52
38 54
38 56
38 58
38 60
38 62
38 64
38 66
38 68
38 70
38 72
38 74
38 76
38 78
38 80
38 82
38 84
38 86
38 88
38 90
38 92
38 94
38 96
38 98
38 100
38 102
38 104
38 106
38 108
38 110
38 112
38 114
38 116
38 118
38 120
38 122
38 124
38 126
40 8
40 10
40 12
40 14
40 16
40 18
40 20
40 22
40 24
40 26
40 28
40 30
40 32
40 34
40 36
40 38
40 56
40 58
40 60
40 62
40 82
40 84
40 86
40 88
40 90
40 92
40 94
40 96
40 98
40 100
40 102
40 104
40 106
40 108
40 110
40 112
40 114
40 116
40 118
40 120
40 122
40 124
42 8
42 10
42 12
42 14
42 16
42 18
42 20
42 22
42 24
42 26
42 28
42 30
42 32
42 34
42 36
42 38
42 56
42 58
42 60
42 62
42 82
42 84
42 86
42 88
42 90
42 92
42 94
42 96
42 98
42 100
42 102
42 104
42 106
42 108
42 110
42 112
42 114
42 116
42 118
42 120
42 122
42 124
44 8
44 10
44 12
44 14
44 16
44 18
44 20
44 22
44 24
44 26
44 28
44 30
44 32
44 34
44 36
44 38
44 56
44 58
44 60
44 62
44 82
44 84
44 86
44 88
44 90
44 92
44 94
44 96
44 98
44 100
44 102
44 104
44 106
44 108
44 110
44 112
44 114
44 116
44 118
44 120
44 122
44 124
46 8
46 10
46 12
46 14
46 16
46 18
46 20
46 22
46 24
46 26
46 28
46 30
46 32
46 34
46 36
46 38
46 56
46 58
46 60
46 62
46 82
46 84
46 86
46 88
46 90
46 92
46 94
46 96
46 98
46 100
46 102
46 104
46 106
46 108
46 110
46 112
46 114
46 116
46 118
46 120
46 122
46 124
48 8
48 10
48 12
48 14
48 16
48 18
48 20
48 22
48 24
48 26
48 28
48 30
48 32
48 34
48 36
48 38
48 56
48 58
48 60
48 62
48 82
48 84
48 86
48 88
48 90
48 92
48 94
48 96
48 98
48 100
48 102
48 104
48 106
48 108
48 110
48 112
48 114
48 116
48 118
48 120
48 122
48 124
50 8
50 10
50 12
50 14
50 16
50 18
50 20
50 22
50 24
50 26
50 28
50 30
50 32
50 34
50 36
50 38
50 56
50 58
50 60
50 62
50 82
50 84
50 86
50 88
50 90
50 92
50 94
50 96
50 98
50 100
50 102
50 104
50 106
50 108
50 110
50 112
50 114
50 116
50 118
50 120
50 122
50 124
52 8
52 10
52 12
52 14
52 16
52 18
52 20
52 22
52 24
52 26
52 28
52 30
52 32
52 34
52 36
52 38
52 56
52 58
52 60
52 62
52 82
52 84
52 86
52 88
52 90
52 92
52 94
52 96
52 98
52 100
52 102
52 104
52 106
52 108
52 110
52 112
52 114
52 116
52 118
52 120
52 122
52 124
54 8
54 10
54 12
54 14
54 16
54 18
54 20
54 22
54 24
54 26
54 28
54 30
54 32
54 34
54 36
54 38
54 56
54 58
54 60
54 62
54 82
54 84
54 86
54 88
54 90
54 92
54 94
54 96
54 98
54 100
54 102
54 104
54 106
54 108
54 110
54 112
54 114
54 116
54 118
54 120
54 122
54 124
56 8
56 10
56 12
56 14
56 16
56 18
56 20
56 22
56 24
56 26
56 28
56 30
56 32
56 34
56 36
56 38
56 56
56 58
56 60
56 62
56 82
56 84
56 86
56 88
56 90
56 92
56 94
56 96
56 98
56 100
56 102
56 104
56 106
56 108
56 110
56 112
56 114
56 116
56 118
56 120
56 122
56 124
58 8
58 10
58 12
58 14
58 16
58 18
58 20
58 22
58 24
58 26
58 28
58 30
58 32
58 34
58 36
58 38
58 40
58 42
58 44
58 46
58 48
58 50
58 52
58 54
58 56
58 58
58 60
58 62
58 64
58 66
58 68
58 70
58 72
58 74
58 76
58 78
58 80
58 82
58 84
58 86
58 88
58 90
58 92
58 94
58 96
58 98
58 100
58 102
58 104
58 106
58 108
58 110
58 112
58 114
58 116
58 118
58 120
58 122
58 124
60 8
60 10
60 12
60 14
60 16
60 18
60 20
60 22
60 24
60 26
60 28
60 30
60 32
60 34
60 36
60 38
60 40
60 42
60 44
60 46
60 48
60 50
60 52
60 54
60 56
60 58
60 60
60 62
60 64
60 66
60 68
60 70
60 72
60 74
60 76
60 78
60 80
60 82
60 84
60 86
60 88
60 90
60 92
60 94
60 96
60 98
60 100
60 102
60 104
60 106
60 108
60 110
60 112
60 114
60 116
60 118
60 120
60 122
60 124
60 126
60 128
60 130
60 132
60 134
62 8
62 10
62 12
62 14
62 16
62 18
62 20
62 22
62 24
62 26
62 28
62 30
62 32
62 34
62 36
62 38
62 40
62 42
62 44
62 46
62 48
62 50
62 52
62 54
62 56
62 58
62 60
62 62
62 64
62 66
62 68
62 70
62 72
62 74
62 76
62 78
62 80
62 82
62 84
62 86
62 88
62 90
62 92
62 94
62 96
62 98
62 100
62 102
62 104
62 106
62 108
62 110
62 112
62 114
62 116
62 118
62 120
62 122
62 124
62 126
62 128
62 130
62 132
62 134
64 10
64 12
64 14
64 16
64 18
64 20
64 22
64 24
64 26
64 28
64 30
64 32
64 34
64 36
64 38
64 40
64 42
64 44
64 46
64 48
64 50
64 52
64 54
64 56
64 58
64 60
64 62
64 64
64 66
64 68
64 70
64 72
64 74
64 76
64 78
64 80
64 82
64 84
64 86
64 88
64 90
64 92
64 94
64 96
64 98
64 100
64 102
64 104
64 106
64 108
64 110
64 112
64 114
64 116
64 118
64 120
64 122
64 124
64 126
64 128
64 130
64 132
64 134
66 10
66 12
66 14
66 16
66 18
66 20
66 22
66 24
66 26
66 28
66 30
66 32
66 34
66 36
66 38
66 40
66 42
66 44
66 46
66 48
66 50
66 52
66 54
66 56
66 58
66 60
66 62
66 64
66 66
66 68
66 70
66 72
66 74
66 76
66 78
66 80
66 82
66 84
66 86
66 88
66 90
66 92
66 94
66 96
66 98
66 100
66 102
66 104
66 106
66 108
66 110
66 112
66 114
66 116
66 118
66 120
66 122
66 124
66 126
66 128
66 130
66 132
66 134
68 10
68 12
68 14
68 16
68 18
68 20
68 22
68 24
68 26
68 28
68 30
68 32
68 34
68 36
68 38
68 40
68 42
68 44
68 46
68 48
68 50
68 52
68 54
68 56
68 58
68 60
68 62
68 64
68 66
68 68
68 70
68 72
68 74
68 76
68 78
68 80
68 82
68 84
68 86
68 88
68 90
68 92
68 94
68 96
68 98
68 100
68 102
68 104
68 106
68 108
68 110
68 112
68 114
68 116
68 118
68 120
68 122
68 124
68 126
68 128
68 130
68 132
68 134
70 10
70 12
70 14
70 16
70 18
70 20
70 22
70 24
70 26
70 28
70 30
70 32
70 34
70 36
70 38
70 40
70 42
70 44
70 46
70 48
70 50
70 52
70 54
70 56
70 58
70 60
70 62
70 64
70 66
70 68
70 70
70 72
70 74
70 76
70 78
70 80
70 82
70 84
70 86
70 88
70 90
70 92
70 94
70 96
70 98
70 100
70 102
70 104
70 106
70 108
70 110
70 112
70 114
70 116
70 118
70 120
70 122
70 124
70 126
70 128
70 130
70 132
70 134
72 10
72 12
72 14
72 16
72 18
72 20
72 22
72 24
72 26
72 28
72 30
72 32
72 34
72 36
72 38
72 40
72 42
72 44
72 46
72 48
72 50
72 52
72 54
72 56
72 58
72 60
72 62
72 64
72 66
72 68
72 70
72 72
72 74
72 76
72 78
72 80
72 82
72 84
72 86
72 88
72 90
72 92
72 94
72 96
72 98
72 100
72 102
72 104
72 106
72 108
72 110
72 112
72 114
72 116
72 118
72 120
72 122
72 124
72 126
72 128
72 130
72 132
72 134
74 10
74 12
74 14
74 16
74 18
74 20
74 22
74 24
74 26
74 28
74 30
74 32
74 34
74 36
74 38
74 40
74 42
74 44
74 46
74 48
74 50
74 52
74 54
74 56
74 58
74 60
74 62
74 64
74 66
74 68
74 70
74 72
74 74
74 76
74 78
74 80
74 82
74 84
74 86
74 88
74 90
74 92
74 94
74 96
74 98
74 100
74 102
74 104
74 106
74 108
74 110
74 112
74 114
74 116
74 118
74 120
74 122
74 124
74 126
74 128
74 130
74 132
74 134
76 10
76 12
76 14
76 16
76 18
76 20
76 22
76 24
76 26
76 28
76 30
76 32
76 34
76 36
76 38
76 40
76 42
76 44
76 46
76 48
76 50
76 52
76 54
76 56
76 58
76 60
76 62
76 64
76 66
76 68
76 70
76 72
76 74
76 76
76 78
76 80
76 82
76 84
76 86
76 88
76 90
76 92
76 94
76 96
76 98
76 100
76 102
76 104
76 106
76 108
76 110
76 112
76 114
76 116
76 118
76 120
76 122
76 124
76 126
76 128
76 130
76 132
76 134
78 10
78 12
78 14
78 16
78 18
78 20
78 22
78 24
78 26
78 28
78 30
78 32
78 34
78 36
78 38
78 40
78 42
78 44
78 46
78 48
78 50
78 52
78 54
78 56
78 58
78 60
78 62
78 64
78 66
78 68
78 70
78 72
78 74
78 76
78 78
78 80
78 82
78 84
78 86
78 88
78 90
78 92
78 94
78 96
78 98
78 100
78 102
78 104
78 106
78 108
78 110
78 112
78 114
78 116
78 118
78 120
78 122
78 124
78 126
78 128
78 130
78 132
78 134
80 10
80 12
80 14
80 16
80 18
80 20
80 22
80 24
80 26
80 28
80 30
80 32
80 34
80 36
80 38
80 40
80 42
80 44
80 46
80 48
80 50
80 52
80 54
80 56
80 58
80 60
80 62
80 64
80 66
80 68
80 70
80 72
80 74
80 76
80 78
80 80
80 82
80 84
80 86
80 88
80 90
80 92
80 94
80 96
80 98
80 100
80 102
80 104
80 106
80 108
80 110
80 112
80 114
80 116
80 118
80 120
80 122
80 124
80 126
80 128
80 130
80 132
80 134
82 8
82 10
82 12
82 14
82 16
82 18
82 20
82 22
82 24
82 26
82 28
82 30
82 32
82 34
82 36
82 38
82 40
82 42
82 44
82 46
82 48
82 50
82 52
82 54
82 56
82 58
82 60
82 62
82 64
82 66
82 68
82 70
82 72
82 74
82 76
82 78
82 80
82 82
82 84
82 86
82 88
82 90
82 92
82 94
82 96
82 98
82 100
82 102
82 104
82 106
82 108
82 110
82 112
82 114
82 116
82 118
82 120
82 122
82 124
82 126
82 128
82 130
82 132
82 134
84 8
84 10
84 12
84 14
84 16
84 18
84 20
84 22
84 24
84 26
84 28
84 30
84 32
84 34
84 36
84 38
84 40
84 42
84 44
84 46
84 48
84 50
84 52
84 54
84 56
84 58
84 60
84 62
84 64
84 66
84 68
84 70
84 72
84 74
84 76
84 78
84 80
84 82
84 84
84 86
84 88
84 90
84 92
84 94
84 96
84 98
84 100
84 102
84 104
84 106
84 108
84 110
84 112
84 114
84 116
84 118
84 120
84 122
84 124
84 126
84 128
84 130
84 132
84 134
86 8
86 10
86 12
86 14
86 16
86 18
86 20
86 22
86 24
86 26
86 28
86 30
86 32
86 34
86 36
86 38
86 40
86 42
86 44
86 46
86 48
86 50
86 52
86 54
86 56
86 58
86 60
86 62
86 64
86 66
86 68
86 70
86 72
86 74
86 76
86 78
86 80
86 82
86 84
86 86
86 88
86 90
86 92
86 94
86 96
86 98
86 100
86 102
86 104
86 106
86 108
86 110
86 112
86 114
86 116
86 118
86 120
86 122
86 124
88 8
88 10
88 12
88 14
88 16
88 18
88 20
88 22
88 24
88 26
88 28
88 30
88 32
88 34
88 36
88 38
88 56
88 58
88 60
88 62
88 80
88 82
88 84
88 86
88 88
88 90
88 92
88 94
88 96
88 98
88 100
88 102
88 104
88 106
88 108
88 110
88 112
88 114
88 116
88 118
88 120
88 122
88 124
90 8
90 10
90 12
90 14
90 16
90 18
90 20
90 22
90 24
90 26
90 28
90 30
90 32
90 34
90 36
90 38
90 56
90 58
90 60
90 62
90 80
90 82
90 84
90 86
90 88
90 90
90 92
90 94
90 96
90 98
90 100
90 102
90 104
90 106
90 108
90 110
90 112
90 114
90 116
90 118
90 120
90 122
90 124
92 8
92 10
92 12
92 14
92 16
92 18
92 20
92 22
92 24
92 26
92 28
92 30
92 32
92 34
92 36
92 38
92 56
92 58
92 60
92 62
92 80
92 82
92 84
92 86
92 88
92 90
92 92
92 94
92 96
92 98
92 100
92 102
92 104
92 106
92 108
92 110
92 112
92 114
92 116
92 118
92 120
92 122
92 124
94 8
94 10
94 12
94 14
94 16
94 18
94 20
94 22
94 24
94 26
94 28
94 30
94 32
94 34
94 36
94 38
94 56
94 58
94 60
94 62
94 80
94 82
94 84
94 86
94 88
94 90
94 92
94 94
94 96
94 98
94 100
94 102
94 104
94 106
94 108
94 110
94 112
94 114
94 116
94 118
94 120
94 122
94 124
96 8
96 10
96 12
96 14
96 16
96 18
96 20
96 22
96 24
96 26
96 28
96 30
96 32
96 34
96 36
96 38
96 56
96 58
96 60
96 62
96 80
96 82
96 84
96 86
96 88
96 90
96 92
96 94
96 96
96 98
96 100
96 102
96 104
96 106
96 108
96 110
96 112
96 114
96 116
96 118
96 120
96 122
96 124
98 8
98 10
98 12
98 14
98 16
98 18
98 20
98 22
98 24
98 26
98 28
98 30
98 32
98 34
98 36
98 38
98 56
98 58
98 60
98 62
98 80
98 82
98 84
98 86
98 88
98 90
98 92
98 94
98 96
98 98
98 100
98 102
98 104
98 106
98 108
98 110
98 112
98 114
98 116
98 118
98 120
98 122
98 124
100 8
100 10
100 12
100 14
100 16
100 18
100 20
100 22
100 24
100 26
100 28
100 30
100 32
100 34
100 36
100 38
100 56
100 58
100 60
100 62
100 80
100 82
100 84
100 86
100 88
100 90
100 92
100 94
100 96
100 98
100 100
100 102
100 104
100 106
100 108
100 110
100 112
100 114
100 116
100 118
100 120
100 122
100 124
102 8
102 10
102 12
102 14
102 16
102 18
102 20
102 22
102 24
102 26
102 28
102 30
102 32
102 34
102 36
102 38
102 56
102 58
102 60
102 62
102 80
102 82
102 84
102 86
102 88
102 90
102 92
102 94
102 96
102 98
102 100
102 102
102 104
102 106
102 108
102 110
102 112
102 114
102 116
102 118
102 120
102 122
102 124
104 8
104 10
104 12
104 14
104 16
104 18
104 20
104 22
104 24
104 26
104 28
104 30
104 32
104 34
104 36
104 38
104 56
104 58
104 60
104 62
104 80
104 82
104 84
104 86
104 88
104 90
104 92
104 94
104 96
104 98
104 100
104 102
104 104
104 106
104 108
104 110
104 112
104 114
104 116
104 118
104 120
104 122
104 124
106 8
106 10
106 12
106 14
106 16
106 18
106 20
106 22
106 24
106 26
106 28
106 30
106 32
106 34
106 36
106 38
106 40
106 42
106 44
106 46
106 48
106 50
106 52
106 54
106 56
106 58
106 60
106 62
106 64
106 66
106 68
106 70
106 72
106 74
106 76
106 78
106 80
106 82
106 84
106 86
106 88
106 90
106 92
106 94
106 96
106 98
106 100
106 102
106 104
106 106
106 108
106 110
106 112
106 114
106 116
106 118
106 120
106 122
106 124
106 126
108 8
108 10
108 12
108 14
108 16
108 18
108 20
108 22
108 24
108 26
108 28
108 30
108 32
108 34
108 36
108 38
108 40
108 42
108 44
108 46
108 48
108 50
108 52
108 54
108 56
108 58
108 60
108 62
108 64
108 66
108 68
108 70
108 72
108 74
108 76
108 78
108 80
108 82
108 84
108 86
108 88
108 90
108 92
108 94
108 96
108 98
108 100
108 102
108 104
108 106
108 108
108 110
108 112
108 114
108 116
108 118
108 120
108 122
108 124
108 126
110 8
110 10
110 12
110 14
110 16
110 18
110 20
110 22
110 24
110 26
110 28
110 30
110 32
110 34
110 36
110 38
110 40
110 42
110 44
110 46
110 48
110 50
110 52
110 54
110 56
110 58
110 60
110 62
110 64
110 66
110 68
110 70
110 72
110 74
110 76
110 78
110 80
110 82
110 84
110 86
110 88
110 90
110 92
110 94
110 96
110 98
110 100
110 102
110 104
110 106
110 108
110 110
110 112
110 114
110 116
110 118
110 120
110 122
110 124
110 126
112 10
112 12
112 14
112 16
112 18
112 20
112 22
112 24
112 26
112 28
112 30
112 32
112 34
112 36
112 38
112 56
112 58
112 60
112 62
112 80
112 82
112 84
112 86
112 88
112 90
112 92
112 94
112 96
112 98
112 100
112 102
112 104
112 106
112 108
112 110
112 112
112 114
112 116
112 118
112 120
112 122
112 124
114 10
114 12
114 14
114 16
114 18
114 20
114 22
114 24
114 26
114 28
114 30
114 32
114 34
114 36
114 38
114 56
114 58
114 60
114 62
114 80
114 82
114 84
114 86
114 88
114 90
114 92
114 94
114 96
114 98
114 100
114 102
114 104
114 106
114 108
114 110
114 112
114 114
114 116
114 118
114 120
114 122
114 124
116 10
116 12
116 14
116 16
116 18
116 20
116 22
116 24
116 26
116 28
116 30
116 32
116 34
116 36
116 38
116 56
116 58
116 60
116 62
116 80
116 82
116 84
116 86
116 88
116 90
116 92
116 94
116 96
116 98
116 100
116 102
116 104
116 106
116 108
116 110
116 112
116 114
116 116
116 118
116 120
116 122
116 124
118 10
118 12
118 14
118 16
118 18
118 20
118 22
118 24
118 26
118 28
118 30
118 32
118 34
118 36
118 38
118 56
118 58
118 60
118 62
118 80
118 82
118 84
118 86
118 88
118 90
118 92
118 94
118 96
118 98
118 100
118 102
118 104
118 106
118 108
118 110
118 112
118 114
118 116
118 118
118 120
118 122
118 124
120 10
120 12
120 14
120 16
120 18
120 20
120 22
120 24
120 26
120 28
120 30
120 32
120 34
120 36
120 38
120 56
120 58
120 60
120 62
120 80
120 82
120 84
120 86
120 88
120 90
120 92
120 94
120 96
120 98
120 100
120 102
120 104
120 106
120 108
120 110
120 112
120 114
120 116
120 118
120 120
120 122
120 124
122 10
122 12
122 14
122 16
122 18
122 20
122 22
122 24
122 26
122 28
122 30
122 32
122 34
122 36
122 38
122 56
122 58
122 60
122 62
122 80
122 82
122 84
122 86
122 88
122 90
122 92
122 94
122 96
122 98
122 100
122 102
122 104
122 106
122 108
122 110
122 112
122 114
122 116
122 118
122 120
122 122
122 124
124 10
124 12
124 14
124 16
124 18
124 20
124 22
124 24
124 26
124 28
124 30
124 32
124 34
124 36
124 38
124 56
124 58
124 60
124 62
124 80
124 82
124 84
124 86
124 88
124 90
124 92
124 94
124 96
124 98
124 100
124 102
124 104
124 106
124 108
124 110
124 112
124 114
124 116
124 118
124 120
124 122
124 124
126 10
126 12
126 14
126 16
126 18
126 20
126 22
126 24
126 26
126 28
126 30
126 32
126 34
126 36
126 38
126 56
126 58
126 60
126 62
126 80
126 82
126 84
126 86
126 88
126 90
126 92
126 94
126 96
126 98
126 100
126 102
126 104
126 106
126 108
126 110
126 112
126 114
126 116
126 118
126 120
126 122
126 124
128 10
128 12
128 14
128 16
128 18
128 20
128 22
128 24
128 26
128 28
128 30
128 32
128 34
128 36
128 38
128 56
128 58
128 60
128 62
128 80
128 82
128 84
128 86
128 88
128 90
128 92
128 94
128 96
128 98
128 100
128 102
128 104
128 106
128 108
128 110
128 112
128 114
128 116
128 118
128 120
128 122
128 124
130 8
130 10
130 12
130 14
130 16
130 18
130 20
130 22
130 24
130 26
130 28
130 30
130 32
130 34
130 36
130 38
130 40
130 42
130 44
130 46
130 48
130 50
130 52
130 54
130 56
130 58
130 60
130 62
130 64
130 66
130 68
130 70
130 72
130 74
130 76
130 78
130 80
130 82
130 84
130 86
130 88
130 90
130 92
130 94
130 96
130 98
130 100
130 102
130 104
130 106
130 108
130 110
130 112
130 114
130 116
130 118
130 120
130 122
130 124
130 126
130 128
130 130
130 132
130 134
132 8
132 10
132 12
132 14
132 16
132 18
132 20
132 22
132 24
132 26
132 28
132 30
132 32
132 34
132 36
132 38
132 40
132 42
132 44
132 46
132 48
132 50
132 52
132 54
132 56
132 58
132 60
132 62
132 64
132 66
132 68
132 70
132 72
132 74
132 76
132 78
132 80
132 82
132 84
132 86
132 88
132 90
132 92
132 94
132 96
132 98
132 100
132 102
132 104
132 106
132 108
132 110
132 112
132 114
132 116
132 118
132 120
132 122
132 124
132 126
132 128
132 130
132 132
132 134
134 10
134 12
134 14
134 16
134 18
134 20
134 22
134 24
134 26
134 28
134 30
134 32
134 34
134 36
134 38
134 56
134 58
134 60
134 62
134 64
134 80
134 82
134 84
134 86
134 88
134 102
134 104
134 106
134 108
134 110
134 112
134 128
134 130
134 132
134 134
10 9
10 11
10 13
10 15
10 17
10 19
10 21
10 23
10 25
10 27
10 29
10 31
10 33
10 35
10 37
10 55
10 57
10 59
10 61
10 63
10 65
10 81
10 83
10 85
10 87
10 89
10 103
10 105
10 107
10 109
10 111
10 127
10 129
10 131
10 133
10 135
12 9
12 11
12 13
12 15
12 17
12 19
12 21
12 23
12 25
12 27
12 29
12 31
12 33
12 35
12 37
12 39
12 41
12 43
12 45
12 47
12 49
12 51
12 53
12 55
12 57
12 59
12 61
12 63
12 65
12 67
12 69
12 71
12 73
12 75
12 77
12 79
12 81
12 83
12 85
12 87
12 89
12 91
12 93
12 95
12 97
12 99
12 101
12 103
12 105
12 107
12 109
12 111
12 113
12 115
12 117
12 119
12 121
12 123
12 125
12 127
12 129
12 131
12 133
12 135
14 9
14 11
14 13
14 15
14 17
14 19
14 21
14 23
14 25
14 27
14 29
14 31
14 33
14 35
14 37
14 39
14 41
14 43
14 45
14 47
14 49
14 51
14 53
14 55
14 57
14 59
14 61
14 63
14 65
14 67
14 69
14 71
14 73
14 75
14 77
14 79
14 81
14 83
14 85
14 87
14 89
14 91
14 93
14 95
14 97
14 99
14 101
14 103
14 105
14 107
14 109
14 111
14 113
14 115
14 117
14 119
14 121
14 123
14 125
14 127
14 129
14 131
14 133
14 135
16 9
16 11
16 13
16 15
16 17
16 19
16 21
16 23
16 25
16 27
16 29
16 31
16 33
16 35
16 37
16 39
16 55
16 57
16 59
16 61
16 81
16 83
16 85
16 87
16 89
16 91
16 93
16 95
16 97
16 99
16 101
16 103
16 105
16 107
16 109
16 111
16 113
16 115
16 117
16 119
16 121
16 123
18 9
18 11
18 13
18 15
18 17
18 19
18 21
18 23
18 25
18 27
18 29
18 31
18 33
18 35
18 37
18 39
18 55
18 57
18 59
18 61
18 81
18 83
18 85
18 87
18 89
18 91
18 93
18 95
18 97
18 99
18 101
18 103
18 105
18 107
18 109
18 111
18 113
18 115
18 117
18 119
18 121
18 123
20 9
20 11
20 13
20 15
20 17
20 19
20 21
20 23
20 25
20 27
20 29
20 31
20 33
20 35
20 37
20 39
20 55
20 57
20 59
20 61
20 81
20 83
20 85
20 87
20 89
20 91
20 93
20 95
20 97
20 99
20 101
20 103
20 105
20 107
20 109
20 111
20 113
20 115
20 117
20 119
20 121
20 123
22 9
22 11
22 13
22 15
22 17
22 19
22 21
22 23
22 25
22 27
22 29
22 31
22 33
22 35
22 37
22 39
22 55
22 57
22 59
22 61
22 81
22 83
22 85
22 87
22 89
22 91
22 93
22 95
22 97
22 99
22 101
22 103
22 105
22 107
22 109
22 111
22 113
22 115
22 117
22 119
22 121
22 123
24 9
24 11
24 13
24 15
24 17
24 19
24 21
24 23
24 25
24 27
24 29
24 31
24 33
24 35
24 37
24 39
24 55
24 57
24 59
24 61
24 81
24 83
24 85
24 87
24 89
24 91
24 93
24 95
24 97
24 99
24 101
24 103
24 105
24 107
24 109
24 111
24 113
24 115
24 117
24 119
24 121
24 123
26 9
26 11
26 13
26 15
26 17
26 19
26 21
26 23
26 25
26 27
26 29
26 31
26 33
26 35
26 37
26 39
26 55
26 57
26 59
26 61
26 81
26 83
26 85
26 87
26 89
26 91
26 93
26 95
26 97
26 99
26 101
26 103
26 105
26 107
26 109
26 111
26 113
26 115
26 117
26 119
26 121
26 123
28 9
28 11
28 13
28 15
28 17
28 19
28 21
28 23
28 25
28 27
28 29
28 31
28 33
28 35
28 37
28 39
28 55
28 57
28 59
28 61
28 81
28 83
28 85
28 87
28 89
28 91
28 93
28 95
28 97
28 99
28 101
28 103
28 105
28 107
28 109
28 111
28 113
28 115
28 117
28 119
28 121
28 123
30 9
30 11
30 13
30 15
30 17
30 19
30 21
30 23
30 25
30 27
30 29
30 31
30 33
30 35
30 37
30 39
30 55
30 57
30 59
30 61
30 81
30 83
30 85
30 87
30 89
30 91
30 93
30 95
30 97
30 99
30 101
30 103
30 105
30 107
30 109
30 111
30 113
30 115
30 117
30 119
30 121
30 123
32 9
32 11
32 13
32 15
32 17
32 19
32 21
32 23
32 25
32 27
32 29
32 31
32 33
32 35
32 37
32 39
32 55
32 57
32 59
32 61
32 81
32 83
32 85
32 87
32 89
32 91
32 93
32 95
32 97
32 99
32 101
32 103
32 105
32 107
32 109
32 111
32 113
32 115
32 117
32 119
32 121
32 123
34 9
34 11
34 13
34 15
34 17
34 19
34 21
34 23
34 25
34 27
34 29
34 31
34 33
34 35
34 37
34 39
34 41
34 43
34 45
34 47
34 49
34 51
34 53
34 55
34 57
34 59
34 61
34 63
34 65
34 67
34 69
34 71
34 73
34 75
34 77
34 79
34 81
34 83
34 85
34 87
34 89
34 91
34 93
34 95
34 97
34 99
34 101
34 103
34 105
34 107
34 109
34 111
34 113
34 115
34 117
34 119
34 121
34 123
34 125
36 9
36 11
36 13
36 15
36 17
36 19
36 21
36 23
36 25
36 27
36 29
36 31
36 33
36 35
36 37
36 39
36 41
36 43
36 45
36 47
36 49
36 51
36 53
36 55
36 57
36 59
36 61
36 63
36 65
36 67
36 69
36 71
36 73
36 75
36 77
36 79
36 81
36 83
36 85
36 87
36 89
36 91
36 93
36 95
36 97
36 99
36 101
36 103
36 105
36 107
36 109
36 111
36 113
36 115
36 117
36 119
36 121
36 123
36 125
38 9
38 11
38 13
38 15
38 17
38 19
38 21
38 23
38 25
38 27
38 29
38 31
38 33
38 35
38 37
38 39
38 41
38 43
38 45
38 47
38 49
38 51
38 53
38 55
38 57
38 59
38 61
38 63
38 65
38 67
38 69
38 71
38 73
38 75
38 77
38 79
38 81
38 83
38 85
38 87
38 89
38 91
38 93
38 95
38 97
38 99
38 101
38 103
38 105
38 107
38 109
38 111
38 113
38 115
38 117
38 119
38 121
38 123
38 125
40 9
40 11
40 13
40 15
40 17
40 19
40 21
40 23
40 25
40 27
40 29
40 31
40 33
40 35
40 37
40 39
40 55
40 57
40 59
40 61
40 81
40 83
40 85
40 87
40 89
40 91
40 93
40 95
40 97
40 99
40 101
40 103
40 105
40 107
40 109
40 111
40 113
40 115
40 117
40 119
40 121
40 123
42 9
42 11
42 13
42 15
42 17
42 19
42 21
42 23
42 25
42 27
42 29
42 31
42 33
42 35
42 37
42 39
42 55
42 57
42 59
42 61
42 81
42 83
42 85
42 87
42 89
42 91
42 93
42 95
42 97
42 99
42 101
42 103
42 105
42 107
42 109
42 111
42 113
42 115
42 117
42 119
42 121
42 123
44 9
44 11
44 13
44 15
44 17
44 19
44 21
44 23
44 25
44 27
44 29
44 31
44 33
44 35
44 37
44 39
44 55
44 57
44 59
44 61
44 81
44 83
44 85
44 87
44 89
44 91
44 93
44 95
44 97
44 99
44 101
44 103
44 105
44 107
44 109
44 111
44 113
44 115
44 117
44 119
44 121
44 123
46 9
46 11
46 13
46 15
46 17
46 19
46 21
46 23
46 25
46 27
46 29
46 31
46 33
46 35
46 37
46 39
46 55
46 57
46 59
46 61
46 81
46 83
46 85
46 87
46 89
46 91
46 93
46 95
46 97
46 99
46 101
46 103
46 105
46 107
46 109
46 111
46 113
46 115
46 117
46 119
46 121
46 123
48 9
48 11
48 13
48 15
48 17
48 19
48 21
48 23
48 25
48 27
48 29
48 31
48 33
48 35
48 37
48 39
48 55
48 57
48 59
48 61
48 81
48 83
48 85
48 87
48 89
48 91
48 93
48 95
48 97
48 99
48 101
48 103
48 105
48 107
48 109
48 111
48 113
48 115
48 117
48 119
48 121
48 123
50 9
50 11
50 13
50 15
50 17
50 19
50 21
50 23
50 25
50 27
50 29
50 31
50 33
50 35
50 37
50 39
50 55
50 57
50 59
50 61
50 81
50 83
50 85
50 87
50 89
50 91
50 93
50 95
50 97
50 99
50 101
50 103
50 105
50 107
50 109
50 111
50 113
50 115
50 117
50 119
50 121
50 123
52 9
52 11
52 13
52 15
52 17
52 19
52 21
52 23
52 25
52 27
52 29
52 31
52 33
52 35
52 37
52 39
52 55
52 57
52 59
52 61
52 81
52 83
52 85
52 87
52 89
52 91
52 93
52 95
52 97
52 99
52 101
52 103
52 105
52 107
52 109
52 111
52 113
52 115
52 117
52 119
52 121
52 123
54 9
54 11
54 13
54 15
54 17
54 19
54 21
54 23
54 25
54 27
54 29
54 31
54 33
54 35
54 37
54 39
54 55
54 57
54 59
54 61
54 81
54 83
54 85
54 87
54 89
54 91
54 93
54 95
54 97
54 99
54 101
54 103
54 105
54 107
54 109
54 111
54 113
54 115
54 117
54 119
54 121
54 123
56 9
56 11
56 13
56 15
56 17
56 19
56 21
56 23
56 25
56 27
56 29
56 31
56 33
56 35
56 37
56 39
56 55
56 57
56 59
56 61
56 81
56 83
56 85
56 87
56 89
56 91
56 93
56 95
56 97
56 99
56 101
56 103
56 105
56 107
56 109
56 111
56 113
56 115
56 117
56 119
56 121
56 123
58 9
58 11
58 13
58 15
58 17
58 19
58 21
58 23
58 25
58 27
58 29
58 31
58 33
58 35
58 37
58 39
58 41
58 43
58 45
58 47
58 49
58 51
58 53
58 55
58 57
58 59
58 61
58 63
58 65
58 67
58 69
58 71
58 73
58 75
58 77
58 79
58 81
58 83
58 85
58 87
58 89
58 91
58 93
58 95
58 97
58 99
58 101
58 103
58 105
58 107
58 109
58 111
58 113
58 115
58 117
58 119
58 121
58 123
60 9
60 11
60 13
60 15
60 17
60 19
60 21
60 23
60 25
60 27
60 29
60 31
60 33
60 35
60 37
60 39
60 41
60 43
60 45
60 47
60 49
60 51
60 53
60 55
60 57
60 59
60 61
60 63
60 65
60 67
60 69
60 71
60 73
60 75
60 77
60 79
60 81
60 83
60 85
60 87
60 89
60 91
60 93
60 95
60 97
60 99
60 101
60 103
60 105
60 107
60 109
60 111
60 113
60 115
60 117
60 119
60 121
60 123
60 125
60 127
60 129
60 131
60 133
60 135
62 9
62 11
62 13
62 15
62 17
62 19
62 21
62 23
62 25
62 27
62 29
62 31
62 33
62 35
62 37
62 39
62 41
62 43
62 45
62 47
62 49
62 51
62 53
62 55
62 57
62 59
62 61
62 63
62 65
62 67
62 69
62 71
62 73
62 75
62 77
62 79
62 81
62 83
62 85
62 87
62 89
62 91
62 93
62 95
62 97
62 99
62 101
62 103
62 105
62 107
62 109
62 111
62 113
62 115
62 117
62 119
62 121
62 123
62 125
62 127
62 129
62 131
62 133
62 135
64 9
64 11
64 13
64 15
64 17
64 19
64 21
64 23
64 25
64 27
64 29
64 31
64 33
64 35
64 37
64 39
64 41
64 43
64 45
64 47
64 49
64 51
64 53
64 55
64 57
64 59
64 61
64 63
64 65
64 67
64 69
64 71
64 73
64 75
64 77
64 79
64 81
64 83
64 85
64 87
64 89
64 91
64 93
64 95
64 97
64 99
64 101
64 103
64 105
64 107
64 109
64 111
64 113
64 115
64 117
64 119
64 121
64 123
64 125
64 127
64 129
64 131
64 133
64 135
66 9
66 11
66 13
66 15
66 17
66 19
66 21
66 23
66 25
66 27
66 29
66 31
66 33
66 35
66 37
66 39
66 41
66 43
66 45
66 47
66 49
66 51
66 53
66 55
66 57
66 59
66 61
66 63
66 65
66 67
66 69
66 71
66 73
66 75
66 77
66 79
66 81
66 83
66 85
66 87
66 89
66 91
66 93
66 95
66 97
66 99
66 101
66 103
66 105
66 107
66 109
66 111
66 113
66 115
66 117
66 119
66 121
66 123
66 125
66 127
66 129
66 131
66 133
66 135
68 9
68 11
68 13
68 15
68 17
68 19
68 21
68 23
68 25
68 27
68 29
68 31
68 33
68 35
68 37
68 39
68 41
68 43
68 45
68 47
68 49
68 51
68 53
68 55
68 57
68 59
68 61
68 63
68 65
68 67
68 69
68 71
68 73
68 75
68 77
68 79
68 81
68 83
68 85
68 87
68 89
68 91
68 93
68 95
68 97
68 99
68 101
68 103
68 105
68 107
68 109
68 111
68 113
68 115
68 117
68 119
68 121
68 123
68 125
68 127
68 129
68 131
68 133
68 135
70 9
70 11
70 13
70 15
70 17
70 19
70 21
70 23
70 25
70 27
70 29
70 31
70 33
70 35
70 37
70 39
70 41
70 43
70 45
70 47
70 49
70 51
70 53
70 55
70 57
70 59
70 61
70 63
70 65
70 67
70 69
70 71
70 73
70 75
70 77
70 79
70 81
70 83
70 85
70 87
70 89
70 91
70 93
70 95
70 97
70 99
70 101
70 103
70 105
70 107
70 109
70 111
70 113
70 115
70 117
70 119
70 121
70 123
70 125
70 127
70 129
70 131
70 133
70 135
72 9
72 11
72 13
72 15
72 17
72 19
72 21
72 23
72 25
72 27
72 29
72 31
72 33
72 35
72 37
72 39
72 41
72 43
72 45
72 47
72 49
72 51
72 53
72 55
72 57
72 59
72 61
72 63
72 65
72 67
72 69
72 71
72 73
72 75
72 77
72 79
72 81
72 83
72 85
72 87
72 89
72 91
72 93
72 95
72 97
72 99
72 101
72 103
72 105
72 107
72 109
72 111
72 113
72 115
72 117
72 119
72 121
72 123
72 125
72 127
72 129
72 131
72 133
72 135
74 9
74 11
74 13
74 15
74 17
74 19
74 21
74 23
74 25
74 27
74 29
74 31
74 33
74 35
74 37
74 39
74 41
74 43
74 45
74 47
74 49
74 51
74 53
74 55
74 57
74 59
74 61
74 63
74 65
74 67
74 69
74 71
74 73
74 75
74 77
74 79
74 81
74 83
74 85
74 87
74 89
74 91
74 93
74 95
74 97
74 99
74 101
74 103
74 105
74 107
74 109
74 111
74 113
74 115
74 117
74 119
74 121
74 123
74 125
74 127
74 129
74 131
74 133
74 135
76 9
76 11
76 13
76 15
76 17
76 19
76 21
76 23
76 25
76 27
76 29
76 31
76 33
76 35
76 37
76 39
76 41
76 43
76 45
76 47
76 49
76 51
76 53
76 55
76 57
76 59
76 61
76 63
76 65
76 67
76 69
76 71
76 73
76 75
76 77
76 79
76 81
76 83
76 85
76 87
76 89
76 91
76 93
76 95
76 97
76 99
76 101
76 103
76 105
76 107
76 109
76 111
76 113
76 115
76 117
76 119
76 121
76 123
76 125
76 127
76 129
76 131
76 133
76 135
78 9
78 11
78 13
78 15
78 17
78 19
78 21
78 23
78 25
78 27
78 29
78 31
78 33
78 35
78 37
78 39
78 41
78 43
78 45
78 47
78 49
78 51
78 53
78 55
78 57
78 59
78 61
78 63
78 65
78 67
78 69
78 71
78 73
78 75
78 77
78 79
78 81
78 83
78 85
78 87
78 89
78 91
78 93
78 95
78 97
78 99
78 101
78 103
78 105
78 107
78 109
78 111
78 113
78 115
78 117
78 119
78 121
78 123
78 125
78 127
78 129
78 131
78 133
78 135
80 9
80 11
80 13
80 15
80 17
80 19
80 21
80 23
80 25
80 27
80 29
80 31
80 33
80 35
80 37
80 39
80 41
80 43
80 45
80 47
80 49
80 51
80 53
80 55
80 57
80 59
80 61
80 63
80 65
80 67
80 69
80 71
80 73
80 75
80 77
80 79
80 81
80 83
80 85
80 87
80 89
80 91
80 93
80 95
80 97
80 99
80 101
80 103
80 105
80 107
80 109
80 111
80 113
80 115
80 117
80 119
80 121
80 123
80 125
80 127
80 129
80 131
80 133
80 135
82 9
82 11
82 13
82 15
82 17
82 19
82 21
82 23
82 25
82 27
82 29
82 31
82 33
82 35
82 37
82 39
82 41
82 43
82 45
82 47
82 49
82 51
82 53
82 55
82 57
82 59
82 61
82 63
82 65
82 67
82 69
82 71
82 73
82 75
82 77
82 79
82 81
82 83
82 85
82 87
82 89
82 91
82 93
82 95
82 97
82 99
82 101
82 103
82 105
82 107
82 109
82 111
82 113
82 115
82 117
82 119
82 121
82 123
82 125
82 127
82 129
82 131
82 133
82 135
84 9
84 11
84 13
84 15
84 17
84 19
84 21
84 23
84 25
84 27
84 29
84 31
84 33
84 35
84 37
84 39
84 41
84 43
84 45
84 47
84 49
84 51
84 53
84 55
84 57
84 59
84 61
84 63
84 65
84 67
84 69
84 71
84 73
84 75
84 77
84 79
84 81
84 83
84 85
84 87
84 89
84 91
84 93
84 95
84 97
84 99
84 101
84 103
84 105
84 107
84 109
84 111
84 113
84 115
84 117
84 119
84 121
84 123
84 125
84 127
84 129
84 131
84 133
84 135
86 9
86 11
86 13
86 15
86 17
86 19
86 21
86 23
86 25
86 27
86 29
86 31
86 33
86 35
86 37
86 39
86 41
86 43
86 45
86 47
86 49
86 51
86 53
86 55
86 57
86 59
86 61
86 63
86 65
86 67
86 69
86 71
86 73
86 75
86 77
86 79
86 81
86 83
86 85
86 87
86 89
86 91
86 93
86 95
86 97
86 99
86 101
86 103
86 105
86 107
86 109
86 111
86 113
86 115
86 117
86 119
86 121
86 123
88 9
88 11
88 13
88 15
88 17
88 19
88 21
88 23
88 25
88 27
88 29
88 31
88 33
88 35
88 37
88 39
88 55
88 57
88 59
88 61
88 63
88 81
88 83
88 85
88 87
88 89
88 91
88 93
88 95
88 97
88 99
88 101
88 103
88 105
88 107
88 109
88 111
88 113
88 115
88 117
88 119
88 121
88 123
90 9
90 11
90 13
90 15
90 17
90 19
90 21
90 23
90 25
90 27
90 29
90 31
90 33
90 35
90 37
90 39
90 55
90 57
90 59
90 61
90 63
90 81
90 83
90 85
90 87
90 89
90 91
90 93
90 95
90 97
90 99
90 101
90 103
90 105
90 107
90 109
90 111
90 113
90 115
90 117
90 119
90 121
90 123
92 9
92 11
92 13
92 15
92 17
92 19
92 21
92 23
92 25
92 27
92 29
92 31
92 33
92 35
92 37
92 39
92 55
92 57
92 59
92 61
92 63
92 81
92 83
92 85
92 87
92 89
92 91
92 93
92 95
92 97
92 99
92 101
92 103
92 105
92 107
92 109
92 111
92 113
92 115
92 117
92 119
92 121
92 123
94 9
94 11
94 13
94 15
94 17
94 19
94 21
94 23
94 25
94 27
94 29
94 31
94 33
94 35
94 37
94 39
94 55
94 57
94 59
94 61
94 63
94 81
94 83
94 85
94 87
94 89
94 91
94 93
94 95
94 97
94 99
94 101
94 103
94 105
94 107
94 109
94 111
94 113
94 115
94 117
94 119
94 121
94 123
96 9
96 11
96 13
96 15
96 17
96 19
96 21
96 23
96 25
96 27
96 29
96 31
96 33
96 35
96 37
96 39
96 55
96 57
96 59
96 61
96 63
96 81
96 83
96 85
96 87
96 89
96 91
96 93
96 95
96 97
96 99
96 101
96 103
96 105
96 107
96 109
96 111
96 113
96 115
96 117
96 119
96 121
96 123
98 9
98 11
98 13
98 15
98 17
98 19
98 21
98 23
98 25
98 27
98 29
98 31
98 33
98 35
98 37
98 39
98 55
98 57
98 59
98 61
98 63
98 81
98 83
98 85
98 87
98 89
98 91
98 93
98 95
98 97
98 99
98 101
98 103
98 105
98 107
98 109
98 111
98 113
98 115
98 117
98 119
98 121
98 123
100 9
100 11
100 13
100 15
100 17
100 19
100 21
100 23
100 25
100 27
100 29
100 31
100 33
100 35
100 37
100 39
100 55
100 57
100 59
100 61
100 63
100 81
100 83
100 85
100 87
100 89
100 91
100 93
100 95
100 97
100 99
100 101
100 103
100 105
100 107
100 109
100 111
100 113
100 115
100 117
100 119
100 121
100 123
102 9
102 11
102 13
102 15
102 17
102 19
102 21
102 23
102 25
102 27
102 29
102 31
102 33
102 35
102 37
102 39
102 55
102 57
102 59
102 61
102 63
102 81
102 83
102 85
102 87
102 89
102 91
102 93
102 95
102 97
102 99
102 101
102 103
102 105
102 107
102 109
102 111
102 113
102 115
102 117
102 119
102 121
102 123
104 9
104 11
104 13
104 15
104 17
104 19
104 21
104 23
104 25
104 27
104 29
104 31
104 33
104 35
104 37
104 39
104 55
104 57
104 59
104 61
104 63
104 81
104 83
104 85
104 87
104 89
104 91
104 93
104 95
104 97
104 99
104 101
104 103
104 105
104 107
104 109
104 111
104 113
104 115
104 117
104 119
104 121
104 123
106 9
106 11
106 13
106 15
106 17
106 19
106 21
106 23
106 25
106 27
106 29
106 31
106 33
106 35
106 37
106 39
106 41
106 43
106 45
106 47
106 49
106 51
106 53
106 55
106 57
106 59
106 61
106 63
106 65
106 67
106 69
106 71
106 73
106 75
106 77
106 79
106 81
106 83
106 85
106 87
106 89
106 91
106 93
106 95
106 97
106 99
106 101
106 103
106 105
106 107
106 109
106 111
106 113
106 115
106 117
106 119
106 121
106 123
106 125
106 127
108 9
108 11
108 13
108 15
108 17
108 19
108 21
108 23
108 25
108 27
108 29
108 31
108 33
108 35
108 37
108 39
108 41
108 43
108 45
108 47
108 49
108 51
108 53
108 55
108 57
108 59
108 61
108 63
108 65
108 67
108 69
108 71
108 73
108 75
108 77
108 79
108 81
108 83
108 85
108 87
108 89
108 91
108 93
108 95
108 97
108 99
108 101
108 103
108 105
108 107
108 109
108 111
108 113
108 115
108 117
108 119
108 121
108 123
108 125
108 127
110 9
110 11
110 13
110 15
110 17
110 19
110 21
110 23
110 25
110 27
110 29
110 31
110 33
110 35
110 37
110 39
110 41
110 43
110 45
110 47
110 49
110 51
110 53
110 55
110 57
110 59
110 61
110 63
110 65
110 67
110 69
110 71
110 73
110 75
110 77
110 79
110 81
110 83
110 85
110 87
110 89
110 91
110 93
110 95
110 97
110 99
110 101
110 103
110 105
110 107
110 109
110 111
110 113
110 115
110 117
110 119
110 121
110 123
110 125
110 127
112 9
112 11
112 13
112 15
112 17
112 19
112 21
112 23
112 25
112 27
112 29
112 31
112 33
112 35
112 37
112 39
112 55
112 57
112 59
112 61
112 63
112 81
112 83
112 85
112 87
112 89
112 91
112 93
112 95
112 97
112 99
112 101
112 103
112 105
112 107
112 109
112 111
112 113
112 115
112 117
112 119
112 121
112 123
114 9
114 11
114 13
114 15
114 17
114 19
114 21
114 23
114 25
114 27
114 29
114 31
114 33
114 35
114 37
114 39
114 55
114 57
114 59
114 61
114 63
114 81
114 83
114 85
114 87
114 89
114 91
114 93
114 95
114 97
114 99
114 101
114 103
114 105
114 107
114 109
114 111
114 113
114 115
114 117
114 119
114 121
114 123
116 9
116 11
116 13
116 15
116 17
116 19
116 21
116 23
116 25
116 27
116 29
116 31
116 33
116 35
116 37
116 39
116 55
116 57
116 59
116 61
116 63
116 81
116 83
116 85
116 87
116 89
116 91
116 93
116 95
116 97
116 99
116 101
116 103
116 105
116 107
116 109
116 111
116 113
116 115
116 117
116 119
116 121
116 123
118 9
118 11
118 13
118 15
118 17
118 19
118 21
118 23
118 25
118 27
118 29
118 31
118 33
118 35
118 37
118 39
118 55
118 57
118 59
118 61
118 63
118 81
118 83
118 85
118 87
118 89
118 91
118 93
118 95
118 97
118 99
118 101
118 103
118 105
118 107
118 109
118 111
118 113
118 115
118 117
118 119
118 121
118 123
120 9
120 11
120 13
120 15
120 17
120 19
120 21
120 23
120 25
120 27
120 29
120 31
120 33
120 35
120 37
120 39
120 55
120 57
120 59
120 61
120 63
120 81
120 83
120 85
120 87
120 89
120 91
120 93
120 95
120 97
120 99
120 101
120 103
120 105
120 107
120 109
120 111
120 113
120 115
120 117
120 119
120 121
120 123
122 9
122 11
122 13
122 15
122 17
122 19
122 21
122 23
122 25
122 27
122 29
122 31
122 33
122 35
122 37
122 39
122 55
122 57
122 59
122 61
122 63
122 81
122 83
122 85
122 87
122 89
122 91
122 93
122 95
122 97
122 99
122 101
122 103
122 105
122 107
122 109
122 111
122 113
122 115
122 117
122 119
122 121
122 123
124 9
124 11
124 13
124 15
124 17
124 19
124 21
124 23
124 25
124 27
124 29
124 31
124 33
124 35
124 37
124 39
124 55
124 57
124 59
124 61
124 63
124 81
124 83
124 85
124 87
124 89
124 91
124 93
124 95
124 97
124 99
124 101
124 103
124 105
124 107
124 109
124 111
124 113
124 115
124 117
124 119
124 121
124 123
126 9
126 11
126 13
126 15
126 17
126 19
126 21
126 23
126 25
126 27
126 29
126 31
126 33
126 35
126 37
126 39
126 55
126 57
126 59
126 61
126 63
126 81
126 83
126 85
126 87
126 89
126 91
126 93
126 95
126 97
126 99
126 101
126 103
126 105
126 107
126 109
126 111
126 113
126 115
126 117
126 119
126 121
126 123
128 9
128 11
128 13
128 15
128 17
128 19
128 21
128 23
128 25
128 27
128 29
128 31
128 33
128 35
128 37
128 39
128 55
128 57
128 59
128 61
128 63
128 81
128 83
128 85
128 87
128 89
128 91
128 93
128 95
128 97
128 99
128 101
128 103
128 105
128 107
128 109
128 111
128 113
128 115
128 117
128 119
128 121
128 123
130 9
130 11
130 13
130 15
130 17
130 19
130 21
130 23
130 25
130 27
130 29
130 31
130 33
130 35
130 37
130 39
130 41
130 43
130 45
130 47
130 49
130 51
130 53
130 55
130 57
130 59
130 61
130 63
130 65
130 67
130 69
130 71
130 73
130 75
130 77
130 79
130 81
130 83
130 85
130 87
130 89
130 91
130 93
130 95
130 97
130 99
130 101
130 103
130 105
130 107
130 109
130 111
130 113
130 115
130 117
130 119
130 121
130 123
130 125
130 127
130 129
130 131
130 133
130 135
132 9
132 11
132 13
132 15
132 17
132 19
132 21
132 23
132 25
132 27
132 29
132 31
132 33
132 35
132 37
132 39
132 41
132 43
132 45
132 47
132 49
132 51
132 53
132 55
132 57
132 59
132 61
132 63
132 65
132 67
132 69
132 71
132 73
132 75
132 77
132 79
132 81
132 83
132 85
132 87
132 89
132 91
132 93
132 95
132 97
132 99
132 101
132 103
132 105
132 107
132 109
132 111
132 113
132 115
132 117
132 119
132 121
132 123
132 125
132 127
132 129
132 131
132 133
132 135
134 9
134 11
134 13
134 15
134 17
134 19
134 21
134 23
134 25
134 27
134 29
134 31
134 33
134 35
134 37
134 55
134 57
134 59
134 61
134 63
134 81
134 83
134 85
134 87
134 101
134 103
134 105
134 107
134 109
134 111
134 129
134 131
134 133
134 135
11 10
11 12
11 14
11 16
11 18
11 20
11 22
11 24
11 26
11 28
11 30
11 32
11 34
11 36
11 38
11 56
11 58
11 60
11 62
11 64
11 82
11 84
11 86
11 88
11 102
11 104
11 106
11 108
11 110
11 128
11 130
11 132
11 134
13 8
13 10
13 12
13 14
13 16
13 18
13 20
13 22
13 24
13 26
13 28
13 30
13 32
13 34
13 36
13 38
13 40
13 42
13 44
13 46
13 48
13 50
13 52
13 54
13 56
13 58
13 60
13 62
13 64
13 66
13 68
13 70
13 72
13 74
13 76
13 78
13 80
13 82
13 84
13 86
13 88
13 90
13 92
13 94
13 96
13 98
13 100
13 102
13 104
13 106
13 108
13 110
13 112
13 114
13 116
13 118
13 120
13 122
13 124
13 126
13 128
13 130
13 132
13 134
15 10
15 12
15 14
15 16
15 18
15 20
15 22
15 24
15 26
15 28
15 30
15 32
15 34
15 36
15 38
15 56
15 58
15 60
15 62
15 80
15 82
15 84
15 86
15 88
15 90
15 92
15 94
15 96
15 98
15 100
15 102
15 104
15 106
15 108
15 110
15 112
15 114
15 116
15 118
15 120
15 122
15 124
17 10
17 12
17 14
17 16
17 18
17 20
17 22
17 24
17 26
17 28
17 30
17 32
17 34
17 36
17 38
17 56
17 58
17 60
17 62
17 82
17 84
17 86
17 88
17 90
17 92
17 94
17 96
17 98
17 100
17 102
17 104
17 106
17 108
17 110
17 112
17 114
17 116
17 118
17 120
17 122
17 124
19 10
19 12
19 14
19 16
19 18
19 20
19 22
19 24
19 26
19 28
19 30
19 32
19 34
19 36
19 38
19 56
19 58
19 60
19 62
19 82
19 84
19 86
19 88
19 90
19 92
19 94
19 96
19 98
19 100
19 102
19 104
19 106
19 108
19 110
19 112
19 114
19 116
19 118
19 120
19 122
19 124
21 10
21 12
21 14
21 16
21 18
21 20
21 22
21 24
21 26
21 28
21 30
21 32
21 34
21 36
21 38
21 56
21 58
21 60
21 62
21 82
21 84
21 86
21 88
21 90
21 92
21 94
21 96
21 98
21 100
21 102
21 104
21 106
21 108
21 110
21 112
21 114
21 116
21 118
21 120
21 122
21 124
23 10
23 12
23 14
23 16
23 18
23 20
23 22
23 24
23 26
23 28
23 30
23 32
23 34
23 36
23 38
23 56
23 58
23 60
23 62
23 82
23 84
23 86
23 88
23 90
23 92
23 94
23 96
23 98
23 100
23 102
23 104
23 106
23 108
23 110
23 112
23 114
23 116
23 118
23 120
23 122
23 124
25 10
25 12
25 14
25 16
25 18
25 20
25 22
25 24
25 26
25 28
25 30
25 32
25 34
25 36
25 38
25 56
25 58
25 60
25 62
25 82
25 84
25 86
25 88
25 90
25 92
25 94
25 96
25 98
25 100
25 102
25 104
25 106
25 108
25 110
25 112
25 114
25 116
25 118
25 120
25 122
25 124
27 10
27 12
27 14
27 16
27 18
27 20
27 22
27 24
27 26
27 28
27 30
27 32
27 34
27 36
27 38
27 56
27 58
27 60
27 62
27 82
27 84
27 86
27 88
27 90
27 92
27 94
27 96
27 98
27 100
27 102
27 104
27 106
27 108
27 110
27 112
27 114
27 116
27 118
27 120
27 122
27 124
29 10
29 12
29 14
29 16
29 18
29 20
29 22
29 24
29 26
29 28
29 30
29 32
29 34
29 36
29 38
29 56
29 58
29 60
29 62
29 82
29 84
29 86
29 88
29 90
29 92
29 94
29 96
29 98
29 100
29 102
29 104
29 106
29 108
29 110
29 112
29 114
29 116
29 118
29 120
29 122
29 124
31 10
31 12
31 14
31 16
31 18
31 20
31 22
31 24
31 26
31 28
31 30
31 32
31 34
31 36
31 38
31 56
31 58
31 60
31 62
31 82
31 84
31 86
31 88
31 90
31 92
31 94
31 96
31 98
31 100
31 102
31 104
31 106
31 108
31 110
31 112
31 114
31 116
31 118
31 120
31 122
31 124
33 10
33 12
33 14
33 16
33 18
33 20
33 22
33 24
33 26
33 28
33 30
33 32
33 34
33 36
33 38
33 56
33 58
33 60
33 62
33 82
33 84
33 86
33 88
33 90
33 92
33 94
33 96
33 98
33 100
33 102
33 104
33 106
33 108
33 110
33 112
33 114
33 116
33 118
33 120
33 122
33 124
35 8
35 10
35 12
35 14
35 16
35 18
35 20
35 22
35 24
35 26
35 28
35 30
35 32
35 34
35 36
35 38
35 40
35 42
35 44
35 46
35 48
35 50
35 52
35 54
35 56
35 58
35 60
35 62
35 64
35 66
35 68
35 70
35 72
35 74
35 76
35 78
35 80
35 82
35 84
35 86
35 88
35 90
35 92
35 94
35 96
35 98
35 100
35 102
35 104
35 106
35 108
35 110
35 112
35 114
35 116
35 118
35 120
35 122
35 124
35 126
37 8
37 10
37 12
37 14
37 16
37 18
37 20
37 22
37 24
37 26
37 28
37 30
37 32
37 34
37 36
37 38
37 40
37 42
37 44
37 46
37 48
37 50
37 52
37 54
37 56
37 58
37 60
37 62
37 64
37 66
37 68
37 70
37 72
37 74
37 76
37 78
37 80
37 82
37 84
37 86
37 88
37 90
37 92
37 94
37 96
37 98
37 100
37 102
37 104
37 106
37 108
37 110
37 112
37 114
37 116
37 118
37 120
37 122
37 124
37 126
39 8
39 10
39 12
39 14
39 16
39 18
39 20
39 22
39 24
39 26
39 28
39 30
39 32
39 34
39 36
39 38
39 56
39 58
39 60
39 62
39 82
39 84
39 86
39 88
39 90
39 92
39 94
39 96
39 98
39 100
39 102
39 104
39 106
39 108
39 110
39 112
39 114
39 116
39 118
39 120
39 122
39 124
41 8
41 10
41 12
41 14
41 16
41 18
41 20
41 22
41 24
41 26
41 28
41 30
41 32
41 34
41 36
41 38
41 56
41 58
41 60
41 62
41 82
41 84
41 86
41 88
41 90
41 92
41 94
41 96
41 98
41 100
41 102
41 104
41 106
41 108
41 110
41 112
41 114
41 116
41 118
41 120
41 122
41 124
43 8
43 10
43 12
43 14
43 16
43 18
43 20
43 22
43 24
43 26
43 28
43 30
43 32
43 34
43 36
43 38
43 56
43 58
43 60
43 62
43 82
43 84
43 86
43 88
43 90
43 92
43 94
43 96
43 98
43 100
43 102
43 104
43 106
43 108
43 110
43 112
43 114
43 116
43 118
43 120
43 122
43 124
45 8
45 10
45 12
45 14
45 16
45 18
45 20
45 22
45 24
45 26
45 28
45 30
45 32
45 34
45 36
45 38
45 56
45 58
45 60
45 62
45 82
45 84
45 86
45 88
45 90
45 92
45 94
45 96
45 98
45 100
45 102
45 104
45 106
45 108
45 110
45 112
45 114
45 116
45 118
45 120
45 122
45 124
47 8
47 10
47 12
47 14
47 16
47 18
47 20
47 22
47 24
47 26
47 28
47 30
47 32
47 34
47 36
47 38
47 56
47 58
47 60
47 62
47 82
47 84
47 86
47 88
47 90
47 92
47 94
47 96
47 98
47 100
47 102
47 104
47 106
47 108
47 110
47 112
47 114
47 116
47 118
47 120
47 122
47 124
49 8
49 10
49 12
49 14
49 16
49 18
49 20
49 22
49 24
49 26
49 28
49 30
49 32
49 34
49 36
49 38
49 56
49 58
49 60
49 62
49 82
49 84
49 86
49 88
49 90
49 92
49 94
49 96
49 98
49 100
49 102
49 104
49 106
49 108
49 110
49 112
49 114
49 116
49 118
49 120
49 122
49 124
51 8
51 10
51 12
51 14
51 16
51 18
51 20
51 22
51 24
51 26
51 28
51 30
51 32
51 34
51 36
51 38
51 56
51 58
51 60
51 62
51 82
51 84
51 86
51 88
51 90
51 92
51 94
51 96
51 98
51 100
51 102
51 104
51 106
51 108
51 110
51 112
51 114
51 116
51 118
51 120
51 122
51 124
53 8
53 10
53 12
53 14
53 16
53 18
53 20
53 22
53 24
53 26
53 28
53 30
53 32
53 34
53 36
53 38
53 56
53 58
53 60
53 62
53 82
53 84
53 86
53 88
53 90
53 92
53 94
53 96
53 98
53 100
53 102
53 104
53 106
53 108
53 110
53 112
53 114
53 116
53 118
53 120
53 122
53 124
55 8
55 10
55 12
55 14
55 16
55 18
55 20
55 22
55 24
55 26
55 28
55 30
55 32
55 34
55 36
55 38
55 56
55 58
55 60
55 62
55 82
55 84
55 86
55 88
55 90
55 92
55 94
55 96
55 98
55 100
55 102
55 104
55 106
55 108
55 110
55 112
55 114
55 116
55 118
55 120
55 122
55 124
57 8
57 10
57 12
57 14
57 16
57 18
57 20
57 22
57 24
57 26
57 28
57 30
57 32
57 34
57 36
57 38
57 56
57 58
57 60
57 62
57 82
57 84
57 86
57 88
57 90
57 92
57 94
57 96
57 98
57 100
57 102
57 104
57 106
57 108
57 110
57 112
57 114
57 116
57 118
57 120
57 122
57 124
59 8
59 10
59 12
59 14
59 16
59 18
59 20
59 22
59 24
59 26
59 28
59 30
59 32
59 34
59 36
59 38
59 40
59 42
59 44
59 46
59 48
59 50
59 52
59 54
59 56
59 58
59 60
59 62
59 64
59 66
59 68
59 70
59 72
59 74
59 76
59 78
59 80
59 82
59 84
59 86
59 88
59 90
59 92
59 94
59 96
59 98
59 100
59 102
59 104
59 106
59 108
59 110
59 112
59 114
59 116
59 118
59 120
59 122
59 124
61 8
61 10
61 12
61 14
61 16
61 18
61 20
61 22
61 24
61 26
61 28
61 30
61 32
61 34
61 36
61 38
61 40
61 42
61 44
61 46
61 48
61 50
61 52
61 54
61 56
61 58
61 60
61 62
61 64
61 66
61 68
61 70
61 72
61 74
61 76
61 78
61 80
61 82
61 84
61 86
61 88
61 90
61 92
61 94
61 96
61 98
61 100
61 102
61 104
61 106
61 108
61 110
61 112
61 114
61 116
61 118
61 120
61 122
61 124
61 126
61 128
61 130
61 132
61 134
63 8
63 10
63 12
63 14
63 16
63 18
63 20
63 22
63 24
63 26
63 28
63 30
63 32
63 34
63 36
63 38
63 40
63 42
63 44
63 46
63 48
63 50
63 52
63 54
63 56
63 58
63 60
63 62
63 64
63 66
63 68
63 70
63 72
63 74
63 76
63 78
63 80
63 82
63 84
63 86
63 88
63 90
63 92
63 94
63 96
63 98
63 100
63 102
63 104
63 106
63 108
63 110
63 112
63 114
63 116
63 118
63 120
63 122
63 124
63 126
63 128
63 130
63 132
63 134
65 10
65 12
65 14
65 16
65 18
65 20
65 22
65 24
65 26
65 28
65 30
65 32
65 34
65 36
65 38
65 40
65 42
65 44
65 46
65 48
65 50
65 52
65 54
65 56
65 58
65 60
65 62
65 64
65 66
65 68
65 70
65 72
65 74
65 76
65 78
65 80
65 82
65 84
65 86
65 88
65 90
65 92
65 94
65 96
65 98
65 100
65 102
65 104
65 106
65 108
65 110
65 112
65 114
65 116
65 118
65 120
65 122
65 124
65 126
65 128
65 130
65 132
65 134
67 10
67 12
67 14
67 16
67 18
67 20
67 22
67 24
67 26
67 28
67 30
67 32
67 34
67 36
67 38
67 40
67 42
67 44
67 46
67 48
67 50
67 52
67 54
67 56
67 58
67 60
67 62
67 64
67 66
67 68
67 70
67 72
67 74
67 76
67 78
67 80
67 82
67 84
67 86
67 88
67 90
67 92
67 94
67 96
67 98
67 100
67 102
67 104
67 106
67 108
67 110
67 112
67 114
67 116
67 118
67 120
67 122
67 124
67 126
67 128
67 130
67 132
67 134
69 10
69 12
69 14
69 16
69 18
69 20
69 22
69 24
69 26
69 28
69 30
69 32
69 34
69 36
69 38
69 40
69 42
69 44
69 46
69 48
69 50
69 52
69 54
69 56
69 58
69 60
69 62
69 64
69 66
69 68
69 70
69 72
69 74
69 76
69 78
69 80
69 82
69 84
69 86
69 88
69 90
69 92
69 94
69 96
69 98
69 100
69 102
69 104
69 106
69 108
69 110
69 112
69 114
69 116
69 118
69 120
69 122
69 124
69 126
69 128
69 130
69 132
69 134
71 10
71 12
71 14
71 16
71 18
71 20
71 22
71 24
71 26
71 28
71 30
71 32
71 34
71 36
71 38
71 40
71 42
71 44
71 46
71 48
71 50
71 52
71 54
71 56
71 58
71 60
71 62
71 64
71 66
71 68
71 70
71 72
71 74
71 76
71 78
71 80
71 82
71 84
71 86
71 88
71 90
71 92
71 94
71 96
71 98
71 100
71 102
71 104
71 106
71 108
71 110
71 112
71 114
71 116
71 118
71 120
71 122
71 124
71 126
71 128
71 130
71 132
71 134
73 10
73 12
73 14
73 16
73 18
73 20
73 22
73 24
73 26
73 28
73 30
73 32
73 34
73 36
73 38
73 40
73 42
73 44
73 46
73 48
73 50
73 52
73 54
73 56
73 58
73 60
73 62
73 64
73 66
73 68
73 70
73 72
73 74
73 76
73 78
73 80
73 82
73 84
73 86
73 88
73 90
73 92
73 94
73 96
73 98
73 100
73 102
73 104
73 106
73 108
73 110
73 112
73 114
73 116
73 118
73 120
73 122
73 124
73 126
73 128
73 130
73 132
73 134
75 10
75 12
75 14
75 16
75 18
75 20
75 22
75 24
75 26
75 28
75 30
75 32
75 34
75 36
75 38
75 40
75 42
75 44
75 46
75 48
75 50
75 52
75 54
75 56
75 58
75 60
75 62
75 64
75 66
75 68
75 70
75 72
75 74
75 76
75 78
75 80
75 82
75 84
75 86
75 88
75 90
75 92
75 94
75 96
75 98
75 100
75 102
75 104
75 106
75 108
75 110
75 112
75 114
75 116
75 118
75 120
75 122
75 124
75 126
75 128
75 130
75 132
75 134
77 10
77 12
77 14
77 16
77 18
77 20
77 22
77 24
77 26
77 28
77 30
77 32
77 34
77 36
77 38
77 40
77 42
77 44
77 46
77 48
77 50
77 52
77 54
77 56
77 58
77 60
77 62
77 64
77 66
77 68
77 70
77 72
77 74
77 76
77 78
77 80
77 82
77 84
77 86
77 88
77 90
77 92
77 94
77 96
77 98
77 100
77 102
77 104
77 106
77 108
77 110
77 112
77 114
77 116
77 118
77 120
77 122
77 124
77 126
77 128
77 130
77 132
77 134
79 10
79 12
79 14
79 16
79 18
79 20
79 22
79 24
79 26
79 28
79 30
79 32
79 34
79 36
79 38
79 40
79 42
79 44
79 46
79 48
79 50
79 52
79 54
79 56
79 58
79 60
79 62
79 64
79 66
79 68
79 70
79 72
79 74
79 76
79 78
79 80
79 82
79 84
79 86
79 88
79 90
79 92
79 94
79 96
79 98
79 100
79 102
79 104
79 106
79 108
79 110
79 112
79 114
79 116
79 118
79 120
79 122
79 124
79 126
79 128
79 130
79 132
79 134
81 8
81 10
81 12
81 14
81 16
81 18
81 20
81 22
81 24
81 26
81 28
81 30
81 32
81 34
81 36
81 38
81 40
81 42
81 44
81 46
81 48
81 50
81 52
81 54
81 56
81 58
81 60
81 62
81 64
81 66
81 68
81 70
81 72
81 74
81 76
81 78
81 80
81 82
81 84
81 86
81 88
81 90
81 92
81 94
81 96
81 98
81 100
81 102
81 104
81 106
81 108
81 110
81 112
81 114
81 116
81 118
81 120
81 122
81 124
81 126
81 128
81 130
81 132
81 134
83 8
83 10
83 12
83 14
83 16
83 18
83 20
83 22
83 24
83 26
83 28
83 30
83 32
83 34
83 36
83 38
83 40
83 42
83 44
83 46
83 48
83 50
83 52
83 54
83 56
83 58
83 60
83 62
83 64
83 66
83 68
83 70
83 72
83 74
83 76
83 78
83 80
83 82
83 84
83 86
83 88
83 90
83 92
83 94
83 96
83 98
83 100
83 102
83 104
83 106
83 108
83 110
83 112
83 114
83 116
83 118
83 120
83 122
83 124
83 126
83 128
83 130
83 132
83 134
85 8
85 10
85 12
85 14
85 16
85 18
85 20
85 22
85 24
85 26
85 28
85 30
85 32
85 34
85 36
85 38
85 40
85 42
85 44
85 46
85 48
85 50
85 52
85 54
85 56
85 58
85 60
85 62
85 64
85 66
85 68
85 70
85 72
85 74
85 76
85 78
85 80
85 82
85 84
85 86
85 88
85 90
85 92
85 94
85 96
85 98
85 100
85 102
85 104
85 106
85 108
85 110
85 112
85 114
85 116
85 118
85 120
85 122
85 124
85 126
85 128
85 130
85 132
85 134
87 8
87 10
87 12
87 14
87 16
87 18
87 20
87 22
87 24
87 26
87 28
87 30
87 32
87 34
87 36
87 38
87 56
87 58
87 60
87 62
87 80
87 82
87 84
87 86
87 88
87 90
87 92
87 94
87 96
87 98
87 100
87 102
87 104
87 106
87 108
87 110
87 112
87 114
87 116
87 118
87 120
87 122
87 124
89 8
89 10
89 12
89 14
89 16
89 18
89 20
89 22
89 24
89 26
89 28
89 30
89 32
89 34
89 36
89 38
89 56
89 58
89 60
89 62
89 80
89 82
89 84
89 86
89 88
89 90
89 92
89 94
89 96
89 98
89 100
89 102
89 104
89 106
89 108
89 110
89 112
89 114
89 116
89 118
89 120
89 122
89 124
91 8
91 10
91 12
91 14
91 16
91 18
91 20
91 22
91 24
91 26
91 28
91 30
91 32
91 34
91 36
91 38
91 56
91 58
91 60
91 62
91 80
91 82
91 84
91 86
91 88
91 90
91 92
91 94
91 96
91 98
91 100
91 102
91 104
91 106
91 108
91 110
91 112
91 114
91 116
91 118
91 120
91 122
91 124
93 8
93 10
93 12
93 14
93 16
93 18
93 20
93 22
93 24
93 26
93 28
93 30
93 32
93 34
93 36
93 38
93 56
93 58
93 60
93 62
93 80
93 82
93 84
93 86
93 88
93 90
93 92
93 94
93 96
93 98
93 100
93 102
93 104
93 106
93 108
93 110
93 112
93 114
93 116
93 118
93 120
93 122
93 124
95 8
95 10
95 12
95 14
95 16
95 18
95 20
95 22
95 24
95 26
95 28
95 30
95 32
95 34
95 36
95 38
95 56
95 58
95 60
95 62
95 80
95 82
95 84
95 86
95 88
95 90
95 92
95 94
95 96
95 98
95 100
95 102
95 104
95 106
95 108
95 110
95 112
95 114
95 116
95 118
95 120
95 122
95 124
97 8
97 10
97 12
97 14
97 16
97 18
97 20
97 22
97 24
97 26
97 28
97 30
97 32
97 34
97 36
97 38
97 56
97 58
97 60
97 62
97 80
97 82
97 84
97 86
97 88
97 90
97 92
97 94
97 96
97 98
97 100
97 102
97 104
97 106
97 108
97 110
97 112
97 114
97 116
97 118
97 120
97 122
97 124
99 8
99 10
99 12
99 14
99 16
99 18
99 20
99 22
99 24
99 26
99 28
99 30
99 32
99 34
99 36
99 38
99 56
99 58
99 60
99 62
99 80
99 82
99 84
99 86
99 88
99 90
99 92
99 94
99 96
99 98
99 100
99 102
99 104
99 106
99 108
99 110
99 112
99 114
99 116
99 118
99 120
99 122
99 124
101 8
101 10
101 12
101 14
101 16
101 18
101 20
101 22
101 24
101 26
101 28
101 30
101 32
101 34
101 36
101 38
101 56
101 58
101 60
101 62
101 80
101 82
101 84
101 86
101 88
101 90
101 92
101 94
101 96
101 98
101 100
101 102
101 104
101 106
101 108
101 110
101 112
101 114
101 116
101 118
101 120
101 122
101 124
103 8
103 10
103 12
103 14
103 16
103 18
103 20
103 22
103 24
103 26
103 28
103 30
103 32
103 34
103 36
103 38
103 56
103 58
103 60
103 62
103 80
103 82
103 84
103 86
103 88
103 90
103 92
103 94
103 96
103 98
103 100
103 102
103 104
103 106
103 108
103 110
103 112
103 114
103 116
103 118
103 120
103 122
103 124
105 8
105 10
105 12
105 14
105 16
105 18
105 20
105 22
105 24
105 26
105 28
105 30
105 32
105 34
105 36
105 38
105 56
105 58
105 60
105 62
105 80
105 82
105 84
105 86
105 88
105 90
105 92
105 94
105 96
105 98
105 100
105 102
105 104
105 106
105 108
105 110
105 112
105 114
105 116
105 118
105 120
105 122
105 124
107 8
107 10
107 12
107 14
107 16
107 18
107 20
107 22
107 24
107 26
107 28
107 30
107 32
107 34
107 36
107 38
107 40
107 42
107 44
107 46
107 48
107 50
107 52
107 54
107 56
107 58
107 60
107 62
107 64
107 66
107 68
107 70
107 72
107 74
107 76
107 78
107 80
107 82
107 84
107 86
107 88
107 90
107 92
107 94
107 96
107 98
107 100
107 102
107 104
107 106
107 108
107 110
107 112
107 114
107 116
107 118
107 120
107 122
107 124
107 126
109 8
109 10
109 12
109 14
109 16
109 18
109 20
109 22
109 24
109 26
109 28
109 30
109 32
109 34
109 36
109 38
109 40
109 42
109 44
109 46
109 48
109 50
109 52
109 54
109 56
109 58
109 60
109 62
109 64
109 66
109 68
109 70
109 72
109 74
109 76
109 78
109 80
109 82
109 84
109 86
109 88
109 90
109 92
109 94
109 96
109 98
109 100
109 102
109 104
109 106
109 108
109 110
109 112
109 114
109 116
109 118
109 120
109 122
109 124
109 126
111 10
111 12
111 14
111 16
111 18
111 20
111 22
111 24
111 26
111 28
111 30
111 32
111 34
111 36
111 38
111 56
111 58
111 60
111 62
111 80
111 82
111 84
111 86
111 88
111 90
111 92
111 94
111 96
111 98
111 100
111 102
111 104
111 106
111 108
111 110
111 112
111 114
111 116
111 118
111 120
111 122
111 124
113 10
113 12
113 14
113 16
113 18
113 20
113 22
113 24
113 26
113 28
113 30
113 32
113 34
113 36
113 38
113 56
113 58
113 60
113 62
113 80
113 82
113 84
113 86
113 88
113 90
113 92
113 94
113 96
113 98
113 100
113 102
113 104
113 106
113 108
113 110
113 112
113 114
113 116
113 118
113 120
113 122
113 124
115 10
115 12
115 14
115 16
115 18
115 20
115 22
115 24
115 26
115 28
115 30
115 32
115 34
115 36
115 38
115 56
115 58
115 60
115 62
115 80
115 82
115 84
115 86
115 88
115 90
115 92
115 94
115 96
115 98
115 100
115 102
115 104
115 106
115 108
115 110
115 112
115 114
115 116
115 118
115 120
115 122
115 124
117 10
117 12
117 14
117 16
117 18
117 20
117 22
117 24
117 26
117 28
117 30
117 32
117 34
117 36
117 38
117 56
117 58
117 60
117 62
117 80
117 82
117 84
117 86
117 88
117 90
117 92
117 94
117 96
117 98
117 100
117 102
117 104
117 106
117 108
117 110
117 112
117 114
117 116
117 118
117 120
117 122
117 124
119 10
119 12
119 14
119 16
119 18
119 20
119 22
119 24
119 26
119 28
119 30
119 32
119 34
119 36
119 38
119 56
119 58
119 60
119 62
119 80
119 82
119 84
119 86
119 88
119 90
119 92
119 94
119 96
119 98
119 100
119 102
119 104
119 106
119 108
119 110
119 112
119 114
119 116
119 118
119 120
119 122
119 124
121 10
121 12
121 14
121 16
121 18
121 20
121 22
121 24
121 26
121 28
121 30
121 32
121 34
121 36
121 38
121 56
121 58
121 60
121 62
121 80
121 82
121 84
121 86
121 88
121 90
121 92
121 94
121 96
121 98
121 100
121 102
121 104
121 106
121 108
121 110
121 112
121 114
121 116
121 118
121 120
121 122
121 124
123 10
123 12
123 14
123 16
123 18
123 20
123 22
123 24
123 26
123 28
123 30
123 32
123 34
123 36
123 38
123 56
123 58
123 60
123 62
123 80
123 82
123 84
123 86
123 88
123 90
123 92
123 94
123 96
123 98
123 100
123 102
123 104
123 106
123 108
123 110
123 112
123 114
123 116
123 118
123 120
123 122
123 124
125 10
125 12
125 14
125 16
125 18
125 20
125 22
125 24
125 26
125 28
125 30
125 32
125 34
125 36
125 38
125 56
125 58
125 60
125 62
125 80
125 82
125 84
125 86
125 88
125 90
125 92
125 94
125 96
125 98
125 100
125 102
125 104
125 106
125 108
125 110
125 112
125 114
125 116
125 118
125 120
125 122
125 124
127 10
127 12
127 14
127 16
127 18
127 20
127 22
127 24
127 26
127 28
127 30
127 32
127 34
127 36
127 38
127 56
127 58
127 60
127 62
127 80
127 82
127 84
127 86
127 88
127 90
127 92
127 94
127 96
127 98
127 100
127 102
127 104
127 106
127 108
127 110
127 112
127 114
127 116
127 118
127 120
127 122
127 124
129 10
129 12
129 14
129 16
129 18
129 20
129 22
129 24
129 26
129 28
129 30
129 32
129 34
129 36
129 38
129 56
129 58
129 60
129 62
129 80
129 82
129 84
129 86
129 88
129 90
129 92
129 94
129 96
129 98
129 100
129 102
129 104
129 106
129 108
129 110
129 112
129 114
129 116
129 118
129 120
129 122
129 124
131 8
131 10
131 12
131 14
131 16
131 18
131 20
131 22
131 24
131 26
131 28
131 30
131 32
131 34
131 36
131 38
131 40
131 42
131 44
131 46
131 48
131 50
131 52
131 54
131 56
131 58
131 60
131 62
131 64
131 66
131 68
131 70
131 72
131 74
131 76
131 78
131 80
131 82
131 84
131 86
131 88
131 90
131 92
131 94
131 96
131 98
131 100
131 102
131 104
131 106
131 108
131 110
131 112
131 114
131 116
131 118
131 120
131 122
131 124
131 126
131 128
131 130
131 132
131 134
133 10
133 12
133 14
133 16
133 18
133 20
133 22
133 24
133 26
133 28
133 30
133 32
133 34
133 36
133 38
133 56
133 58
133 60
133 62
133 64
133 66
133 68
133 70
133 72
133 74
133 76
133 78
133 80
133 82
133 84
133 86
133 88
133 102
133 104
133 106
133 108
133 110
133 112
133 128
133 130
133 132
133 134
133 135
133 133
133 131
133 129
133 127
133 111
133 109
133 107
133 105
133 103
133 101
133 89
133 87
133 85
133 83
133 81
133 79
133 77
133 75
133 73
133 71
133 69
133 67
133 65
133 63
133 61
133 59
133 57
133 55
133 37
133 35
133 33
133 31
133 29
133 27
133 25
133 23
133 21
133 19
133 17
133 15
133 13
133 11
133 9
131 135
131 133
131 131
131 129
131 127
131 125
131 123
131 121
131 119
131 117
131 115
131 113
131 111
131 109
131 107
131 105
131 103
131 101
131 99
131 97
131 95
131 93
131 91
131 89
131 87
131 85
131 83
131 81
131 79
131 77
131 75
131 73
131 71
131 69
131 67
131 65
131 63
131 61
131 59
131 57
131 55
131 53
131 51
131 49
131 47
131 45
131 43
131 41
131 39
131 37
131 35
131 33
131 31
131 29
131 27
131 25
131 23
131 21
131 19
131 17
131 15
131 13
131 11
131 9
129 123
129 121
129 119
129 117
129 115
129 113
129 111
129 109
129 107
129 105
129 103
129 101
129 99
129 97
129 95
129 93
129 91
129 89
129 87
129 85
129 83
129 81
129 63
129 61
129 59
129 57
129 55
129 39
129 37
129 35
129 33
129 31
129 29
129 27
129 25
129 23
129 21
129 19
129 17
129 15
129 13
129 11
129 9
127 123
127 121
127 119
127 117
127 115
127 113
127 111
127 109
127 107
127 105
127 103
127 101
127 99
127 97
127 95
127 93
127 91
127 89
127 87
127 85
127 83
127 81
127 63
127 61
127 59
127 57
127 55
127 39
127 37
127 35
127 33
127 31
127 29
127 27
127 25
127 23
127 21
127 19
127 17
127 15
127 13
127 11
127 9
125 123
125 121
125 119
125 117
125 115
125 113
125 111
125 109
125 107
125 105
125 103
125 101
125 99
125 97
125 95
125 93
125 91
125 89
125 87
125 85
125 83
125 81
125 63
125 61
125 59
125 57
125 55
125 39
125 37
125 35
125 33
125 31
125 29
125 27
125 25
125 23
125 21
125 19
125 17
125 15
125 13
125 11
125 9
123 123
123 121
123 119
123 117
123 115
123 113
123 111
123 109
123 107
123 105
123 103
123 101
123 99
123 97
123 95
123 93
123 91
123 89
123 87
123 85
123 83
123 81
123 63
123 61
123 59
123 57
123 55
123 39
123 37
123 35
123 33
123 31
123 29
123 27
123 25
123 23
123 21
123 19
123 17
123 15
123 13
123 11
123 9
121 123
121 121
121 119
121 117
121 115
121 113
121 111
121 109
121 107
121 105
121 103
121 101
121 99
121 97
121 95
121 93
121 91
121 89
121 87
121 85
121 83
121 81
121 63
121 61
121 59
121 57
121 55
121 39
121 37
121 35
121 33
121 31
121 29
121 27
121 25
121 23
121 21
121 19
121 17
121 15
121 13
121 11
121 9
119 123
119 121
119 119
119 117
119 115
119 113
119 111
119 109
119 107
119 105
119 103
119 101
119 99
119 97
119 95
119 93
119 91
119 89
119 87
119 85
119 83
119 81
119 63
119 61
119 59
119 57
119 55
119 39
119 37
119 35
119 33
119 31
119 29
119 27
119 25
119 23
119 21
119 19
119 17
119 15
119 13
119 11
119 9
117 123
117 121
117 119
117 117
117 115
117 113
117 111
117 109
117 107
117 105
117 103
117 101
117 99
117 97
117 95
117 93
117 91
117 89
117 87
117 85
117 83
117 81
117 63
117 61
117 59
117 57
117 55
117 39
117 37
117 35
117 33
117 31
117 29
117 27
117 25
117 23
117 21
117 19
117 17
117 15
117 13
117 11
117 9
115 123
115 121
115 119
115 117
115 115
115 113
115 111
115 109
115 107
115 105
115 103
115 101
115 99
115 97
115 95
115 93
115 91
115 89
115 87
115 85
115 83
115 81
115 63
115 61
115 59
115 57
115 55
115 39
115 37
115 35
115 33
115 31
115 29
115 27
115 25
115 23
115 21
115 19
115 17
115 15
115 13
115 11
115 9
113 123
113 121
113 119
113 117
113 115
113 113
113 111
113 109
113 107
113 105
113 103
113 101
113 99
113 97
113 95
113 93
113 91
113 89
113 87
113 85
113 83
113 81
113 63
113 61
113 59
113 57
113 55
113 39
113 37
113 35
113 33
113 31
113 29
113 27
113 25
113 23
113 21
113 19
113 17
113 15
113 13
113 11
113 9
111 123
111 121
111 119
111 117
111 115
111 113
111 111
111 109
111 107
111 105
111 103
111 101
111 99
111 97
111 95
111 93
111 91
111 89
111 87
111 85
111 83
111 81
111 63
111 61
111 59
111 57
111 55
111 39
111 37
111 35
111 33
111 31
111 29
111 27
111 25
111 23
111 21
111 19
111 17
111 15
111 13
111 11
111 9
109 127
109 125
109 123
109 121
109 119
109 117
109 115
109 113
109 111
109 109
109 107
109 105
109 103
109 101
109 99
109 97
109 95
109 93
109 91
109 89
109 87
109 85
109 83
109 81
109 79
109 77
109 75
109 73
109 71
109 69
109 67
109 65
109 63
109 61
109 59
109 57
109 55
109 53
109 51
109 49
109 47
109 45
109 43
109 41
109 39
109 37
109 35
109 33
109 31
109 29
109 27
109 25
109 23
109 21
109 19
109 17
109 15
109 13
109 11
109 9
107 127
107 125
107 123
107 121
107 119
107 117
107 115
107 113
107 111
107 109
107 107
107 105
107 103
107 101
107 99
107 97
107 95
107 93
107 91
107 89
107 87
107 85
107 83
107 81
107 79
107 77
107 75
107 73
107 71
107 69
107 67
107 65
107 63
107 61
107 59
107 57
107 55
107 53
107 51
107 49
107 47
107 45
107 43
107 41
107 39
107 37
107 35
107 33
107 31
107 29
107 27
107 25
107 23
107 21
107 19
107 17
107 15
107 13
107 11
107 9
105 123
105 121
105 119
105 117
105 115
105 113
105 111
105 109
105 107
105 105
105 103
105 101
105 99
105 97
105 95
105 93
105 91
105 89
105 87
105 85
105 83
105 81
105 63
105 61
105 59
105 57
105 55
105 39
105 37
105 35
105 33
105 31
105 29
105 27
105 25
105 23
105 21
105 19
105 17
105 15
105 13
105 11
105 9
103 123
103 121
103 119
103 117
103 115
103 113
103 111
103 109
103 107
103 105
103 103
103 101
103 99
103 97
103 95
103 93
103 91
103 89
103 87
103 85
103 83
103 81
103 63
103 61
103 59
103 57
103 55
103 39
103 37
103 35
103 33
103 31
103 29
103 27
103 25
103 23
103 21
103 19
103 17
103 15
103 13
103 11
103 9
101 123
101 121
101 119
101 117
101 115
101 113
101 111
101 109
101 107
101 105
101 103
101 101
101 99
101 97
101 95
101 93
101 91
101 89
101 87
101 85
101 83
101 81
101 63
101 61
101 59
101 57
101 55
101 39
101 37
101 35
101 33
101 31
101 29
101 27
101 25
101 23
101 21
101 19
101 17
101 15
101 13
101 11
101 9
99 123
99 121
99 119
99 117
99 115
99 113
99 111
99 109
99 107
99 105
99 103
99 101
99 99
99 97
99 95
99 93
99 91
99 89
99 87
99 85
99 83
99 81
99 63
99 61
99 59
99 57
99 55
99 39
99 37
99 35
99 33
99 31
99 29
99 27
99 25
99 23
99 21
99 19
99 17
99 15
99 13
99 11
99 9
97 123
97 121
97 119
97 117
97 115
97 113
97 111
97 109
97 107
97 105
97 103
97 101
97 99
97 97
97 95
97 93
97 91
97 89
97 87
97 85
97 83
97 81
97 63
97 61
97 59
97 57
97 55
97 39
97 37
97 35
97 33
97 31
97 29
97 27
97 25
97 23
97 21
97 19
97 17
97 15
97 13
97 11
97 9
95 123
95 121
95 119
95 117
95 115
95 113
95 111
95 109
95 107
95 105
95 103
95 101
95 99
95 97
95 95
95 93
95 91
95 89
95 87
95 85
95 83
95 81
95 63
95 61
95 59
95 57
95 55
95 39
95 37
95 35
95 33
95 31
95 29
95 27
95 25
95 23
95 21
95 19
95 17
95 15
95 13
95 11
95 9
93 123
93 121
93 119
93 117
93 115
93 113
93 111
93 109
93 107
93 105
93 103
93 101
93 99
93 97
93 95
93 93
93 91
93 89
93 87
93 85
93 83
93 81
93 63
93 61
93 59
93 57
93 55
93 39
93 37
93 35
93 33
93 31
93 29
93 27
93 25
93 23
93 21
93 19
93 17
93 15
93 13
93 11
93 9
91 123
91 121
91 119
91 117
91 115
91 113
91 111
91 109
91 107
91 105
91 103
91 101
91 99
91 97
91 95
91 93
91 91
91 89
91 87
91 85
91 83
91 81
91 63
91 61
91 59
91 57
91 55
91 39
91 37
91 35
91 33
91 31
91 29
91 27
91 25
91 23
91 21
91 19
91 17
91 15
91 13
91 11
91 9
89 123
89 121
89 119
89 117
89 115
89 113
89 111
89 109
89 107
89 105
89 103
89 101
89 99
89 97
89 95
89 93
89 91
89 89
89 87
89 85
89 83
89 81
89 63
89 61
89 59
89 57
89 55
89 39
89 37
89 35
89 33
89 31
89 29
89 27
89 25
89 23
89 21
89 19
89 17
89 15
89 13
89 11
89 9
87 123
87 121
87 119
87 117
87 115
87 113
87 111
87 109
87 107
87 105
87 103
87 101
87 99
87 97
87 95
87 93
87 91
87 89
87 87
87 85
87 83
87 81
87 63
87 61
87 59
87 57
87 55
87 39
87 37
87 35
87 33
87 31
87 29
87 27
87 25
87 23
87 21
87 19
87 17
87 15
87 13
87 11
87 9
85 135
85 133
85 131
85 129
85 127
85 125
85 123
85 121
85 119
85 117
85 115
85 113
85 111
85 109
85 107
85 105
85 103
85 101
85 99
85 97
85 95
85 93
85 91
85 89
85 87
85 85
85 83
85 81
85 79
85 77
85 75
85 73
85 71
85 69
85 67
85 65
85 63
85 61
85 59
85 57
85 55
85 53
85 51
85 49
85 47
85 45
85 43
85 41
85 39
85 37
85 35
85 33
85 31
85 29
85 27
85 25
85 23
85 21
85 19
85 17
85 15
85 13
85 11
85 9
83 135
83 133
83 131
83 129
83 127
83 125
83 123
83 121
83 119
83 117
83 115
83 113
83 111
83 109
83 107
83 105
83 103
83 101
83 99
83 97
83 95
83 93
83 91
83 89
83 87
83 85
83 83
83 81
83 79
83 77
83 75
83 73
83 71
83 69
83 67
83 65
83 63
83 61
83 59
83 57
83 55
83 53
83 51
83 49
83 47
83 45
83 43
83 41
83 39
83 37
83 35
83 33
83 31
83 29
83 27
83 25
83 23
83 21
83 19
83 17
83 15
83 13
83 11
83 9
81 135
81 133
81 131
81 129
81 127
81 125
81 123
81 121
81 119
81 117
81 115
81 113
81 111
81 109
81 107
81 105
81 103
81 101
81 99
81 97
81 95
81 93
81 91
81 89
81 87
81 85
81 83
81 81
81 79
81 77
81 75
81 73
81 71
81 69
81 67
81 65
81 63
81 61
81 59
81 57
81 55
81 53
81 51
81 49
81 47
81 45
81 43
81 41
81 39
81 37
81 35
81 33
81 31
81 29
81 27
81 25
81 23
81 21
81 19
81 17
81 15
81 13
81 11
81 9
79 135
79 133
79 131
79 129
79 127
79 125
79 123
79 121
79 119
79 117
79 115
79 113
79 111
79 109
79 107
79 105
79 103
79 101
79 99
79 97
79 95
79 93
79 91
79 89
79 87
79 85
79 83
79 81
79 79
79 77
79 75
79 73
79 71
79 69
79 67
79 65
79 63
79 61
79 59
79 57
79 55
79 53
79 51
79 49
79 47
79 45
79 43
79 41
79 39
79 37
79 35
79 33
79 31
79 29
79 27
79 25
79 23
79 21
79 19
79 17
79 15
79 13
79 11
79 9
77 135
77 133
77 131
77 129
77 127
77 125
77 123
77 121
77 119
77 117
77 115
77 113
77 111
77 109
77 107
77 105
77 103
77 101
77 99
77 97
77 95
77 93
77 91
77 89
77 87
77 85
77 83
77 81
77 79
77 77
77 75
77 73
77 71
77 69
77 67
77 65
77 63
77 61
77 59
77 57
77 55
77 53
77 51
77 49
77 47
77 45
77 43
77 41
77 39
77 37
77 35
77 33
77 31
77 29
77 27
77 25
77 23
77 21
77 19
77 17
77 15
77 13
77 11
77 9
75 135
75 133
75 131
75 129
75 127
75 125
75 123
75 121
75 119
75 117
75 115
75 113
75 111
75 109
75 107
75 105
75 103
75 101
75 99
75 97
75 95
75 93
75 91
75 89
75 87
75 85
75 83
75 81
75 79
75 77
75 75
75 73
75 71
75 69
75 67
75 65
75 63
75 61
75 59
75 57
75 55
75 53
75 51
75 49
75 47
75 45
75 43
75 41
75 39
75 37
75 35
75 33
75 31
75 29
75 27
75 25
75 23
75 21
75 19
75 17
75 15
75 13
75 11
75 9
73 135
73 133
73 131
73 129
73 127
73 125
73 123
73 121
73 119
73 117
73 115
73 113
73 111
73 109
73 107
73 105
73 103
73 101
73 99
73 97
73 95
73 93
73 91
73 89
73 87
73 85
73 83
73 81
73 79
73 77
73 75
73 73
73 71
73 69
73 67
73 65
73 63
73 61
73 59
73 57
73 55
73 53
73 51
73 49
73 47
73 45
73 43
73 41
73 39
73 37
73 35
73 33
73 31
73 29
73 27
73 25
73 23
73 21
73 19
73 17
73 15
73 13
73 11
73 9
71 135
71 133
71 131
71 129
71 127
71 125
71 123
71 121
71 119
71 117
71 115
71 113
71 111
71 109
71 107
71 105
71 103
71 101
71 99
71 97
71 95
71 93
71 91
71 89
71 87
71 85
71 83
71 81
71 79
71 77
71 75
71 73
71 71
71 69
71 67
71 65
71 63
71 61
71 59
71 57
71 55
71 53
71 51
71 49
71 47
71 45
71 43
71 41
71 39
71 37
71 35
71 33
71 31
71 29
71 27
71 25
71 23
71 21
71 19
71 17
71 15
71 13
71 11
71 9
69 135
69 133
69 131
69 129
69 127
69 125
69 123
69 121
69 119
69 117
69 115
69 113
69 111
69 109
69 107
69 105
69 103
69 101
69 99
69 97
69 95
69 93
69 91
69 89
69 87
69 85
69 83
69 81
69 79
69 77
69 75
69 73
69 71
69 69
69 67
69 65
69 63
69 61
69 59
69 57
69 55
69 53
69 51
69 49
69 47
69 45
69 43
69 41
69 39
69 37
69 35
69 33
69 31
69 29
69 27
69 25
69 23
69 21
69 19
69 17
69 15
69 13
69 11
69 9
67 135
67 133
67 131
67 129
67 127
67 125
67 123
67 121
67 119
67 117
67 115
67 113
67 111
67 109
67 107
67 105
67 103
67 101
67 99
67 97
67 95
67 93
67 91
67 89
67 87
67 85
67 83
67 81
67 79
67 77
67 75
67 73
67 71
67 69
67 67
67 65
67 63
67 61
67 59
67 57
67 55
67 53
67 51
67 49
67 47
67 45
67 43
67 41
67 39
67 37
67 35
67 33
67 31
67 29
67 27
67 25
67 23
67 21
67 19
67 17
67 15
67 13
67 11
67 9
65 135
65 133
65 131
65 129
65 127
65 125
65 123
65 121
65 119
65 117
65 115
65 113
65 111
65 109
65 107
65 105
65 103
65 101
65 99
65 97
65 95
65 93
65 91
65 89
65 87
65 85
65 83
65 81
65 79
65 77
65 75
65 73
65 71
65 69
65 67
65 65
65 63
65 61
65 59
65 57
65 55
65 53
65 51
65 49
65 47
65 45
65 43
65 41
65 39
65 37
65 35
65 33
65 31
65 29
65 27
65 25
65 23
65 21
65 19
65 17
65 15
65 13
65 11
65 9
63 135
63 133
63 131
63 129
63 127
63 125
63 123
63 121
63 119
63 117
63 115
63 113
63 111
63 109
63 107
63 105
63 103
63 101
63 99
63 97
63 95
63 93
63 91
63 89
63 87
63 85
63 83
63 81
63 79
63 77
63 75
63 73
63 71
63 69
63 67
63 65
63 63
63 61
63 59
63 57
63 55
63 53
63 51
63 49
63 47
63 45
63 43
63 41
63 39
63 37
63 35
63 33
63 31
63 29
63 27
63 25
63 23
63 21
63 19
63 17
63 15
63 13
63 11
63 9
61 135
61 133
61 131
61 129
61 127
61 125
61 123
61 121
61 119
61 117
61 115
61 113
61 111
61 109
61 107
61 105
61 103
61 101
61 99
61 97
61 95
61 93
61 91
61 89
61 87
61 85
61 83
61 81
61 79
61 77
61 75
61 73
61 71
61 69
61 67
61 65
61 63
61 61
61 59
61 57
61 55
61 53
61 51
61 49
61 47
61 45
61 43
61 41
61 39
61 37
61 35
61 33
61 31
61 29
61 27
61 25
61 23
61 21
61 19
61 17
61 15
61 13
61 11
61 9
59 123
59 121
59 119
59 117
59 115
59 113
59 111
59 109
59 107
59 105
59 103
59 101
59 99
59 97
59 95
59 93
59 91
59 89
59 87
59 85
59 83
59 81
59 79
59 77
59 75
59 73
59 71
59 69
59 67
59 65
59 63
59 61
59 59
59 57
59 55
59 53
59 51
59 49
59 47
59 45
59 43
59 41
59 39
59 37
59 35
59 33
59 31
59 29
59 27
59 25
59 23
59 21
59 19
59 17
59 15
59 13
59 11
59 9
57 123
57 121
57 119
57 117
57 115
57 113
57 111
57 109
57 107
57 105
57 103
57 101
57 99
57 97
57 95
57 93
57 91
57 89
57 87
57 85
57 83
57 81
57 61
57 59
57 57
57 55
57 39
57 37
57 35
57 33
57 31
57 29
57 27
57 25
57 23
57 21
57 19
57 17
57 15
57 13
57 11
57 9
55 123
55 121
55 119
55 117
55 115
55 113
55 111
55 109
55 107
55 105
55 103
55 101
55 99
55 97
55 95
55 93
55 91
55 89
55 87
55 85
55 83
55 81
55 61
55 59
55 57
55 55
55 39
55 37
55 35
55 33
55 31
55 29
55 27
55 25
55 23
55 21
55 19
55 17
55 15
55 13
55 11
55 9
53 123
53 121
53 119
53 117
53 115
53 113
53 111
53 109
53 107
53 105
53 103
53 101
53 99
53 97
53 95
53 93
53 91
53 89
53 87
53 85
53 83
53 81
53 61
53 59
53 57
53 55
53 39
53 37
53 35
53 33
53 31
53 29
53 27
53 25
53 23
53 21
53 19
53 17
53 15
53 13
53 11
53 9
51 123
51 121
51 119
51 117
51 115
51 113
51 111
51 109
51 107
51 105
51 103
51 101
51 99
51 97
51 95
51 93
51 91
51 89
51 87
51 85
51 83
51 81
51 61
51 59
51 57
51 55
51 39
51 37
51 35
51 33
51 31
51 29
51 27
51 25
51 23
51 21
51 19
51 17
51 15
51 13
51 11
51 9
49 123
49 121
49 119
49 117
49 115
49 113
49 111
49 109
49 107
49 105
49 103
49 101
49 99
49 97
49 95
49 93
49 91
49 89
49 87
49 85
49 83
49 81
49 61
49 59
49 57
49 55
49 39
49 37
49 35
49 33
49 31
49 29
49 27
49 25
49 23
49 21
49 19
49 17
49 15
49 13
49 11
49 9
47 123
47 121
47 119
47 117
47 115
47 113
47 111
47 109
47 107
47 105
47 103
47 101
47 99
47 97
47 95
47 93
47 91
47 89
47 87
47 85
47 83
47 81
47 61
47 59
47 57
47 55
47 39
47 37
47 35
47 33
47 31
47 29
47 27
47 25
47 23
47 21
47 19
47 17
47 15
47 13
47 11
47 9
45 123
45 121
45 119
45 117
45 115
45 113
45 111
45 109
45 107
45 105
45 103
45 101
45 99
45 97
45 95
45 93
45 91
45 89
45 87
45 85
45 83
45 81
45 61
45 59
45 57
45 55
45 39
45 37
45 35
45 33
45 31
45 29
45 27
45 25
45 23
45 21
45 19
45 17
45 15
45 13
45 11
45 9
43 123
43 121
43 119
43 117
43 115
43 113
43 111
43 109
43 107
43 105
43 103
43 101
43 99
43 97
43 95
43 93
43 91
43 89
43 87
43 85
43 83
43 81
43 61
43 59
43 57
43 55
43 39
43 37
43 35
43 33
43 31
43 29
43 27
43 25
43 23
43 21
43 19
43 17
43 15
43 13
43 11
43 9
41 123
41 121
41 119
41 117
41 115
41 113
41 111
41 109
41 107
41 105
41 103
41 101
41 99
41 97
41 95
41 93
41 91
41 89
41 87
41 85
41 83
41 81
41 61
41 59
41 57
41 55
41 39
41 37
41 35
41 33
41 31
41 29
41 27
41 25
41 23
41 21
41 19
41 17
41 15
41 13
41 11
41 9
39 123
39 121
39 119
39 117
39 115
39 113
39 111
39 109
39 107
39 105
39 103
39 101
39 99
39 97
39 95
39 93
39 91
39 89
39 87
39 85
39 83
39 81
39 61
39 59
39 57
39 55
39 39
39 37
39 35
39 33
39 31
39 29
39 27
39 25
39 23
39 21
39 19
39 17
39 15
39 13
39 11
39 9
37 125
37 123
37 121
37 119
37 117
37 115
37 113
37 111
37 109
37 107
37 105
37 103
37 101
37 99
37 97
37 95
37 93
37 91
37 89
37 87
37 85
37 83
37 81
37 79
37 77
37 75
37 73
37 71
37 69
37 67
37 65
37 63
37 61
37 59
37 57
37 55
37 53
37 51
37 49
37 47
37 45
37 43
37 41
37 39
37 37
37 35
37 33
37 31
37 29
37 27
37 25
37 23
37 21
37 19
37 17
37 15
37 13
37 11
37 9
35 125
35 123
35 121
35 119
35 117
35 115
35 113
35 111
35 109
35 107
35 105
35 103
35 101
35 99
35 97
35 95
35 93
35 91
35 89
35 87
35 85
35 83
35 81
35 79
35 77
35 75
35 73
35 71
35 69
35 67
35 65
35 63
35 61
35 59
35 57
35 55
35 53
35 51
35 49
35 47
35 45
35 43
35 41
35 39
35 37
35 35
35 33
35 31
35 29
35 27
35 25
35 23
35 21
35 19
35 17
35 15
35 13
35 11
35 9
33 123
33 121
33 119
33 117
33 115
33 113
33 111
33 109
33 107
33 105
33 103
33 101
33 99
33 97
33 95
33 93
33 91
33 89
33 87
33 85
33 83
33 81
33 61
33 59
33 57
33 55
33 39
33 37
33 35
33 33
33 31
33 29
33 27
33 25
33 23
33 21
33 19
33 17
33 15
33 13
33 11
33 9
31 123
31 121
31 119
31 117
31 115
31 113
31 111
31 109
31 107
31 105
31 103
31 101
31 99
31 97
31 95
31 93
31 91
31 89
31 87
31 85
31 83
31 81
31 61
31 59
31 57
31 55
31 39
31 37
31 35
31 33
31 31
31 29
31 27
31 25
31 23
31 21
31 19
31 17
31 15
31 13
31 11
31 9
29 123
29 121
29 119
29 117
29 115
29 113
29 111
29 109
29 107
29 105
29 103
29 101
29 99
29 97
29 95
29 93
29 91
29 89
29 87
29 85
29 83
29 81
29 61
29 59
29 57
29 55
29 39
29 37
29 35
29 33
29 31
29 29
29 27
29 25
29 23
29 21
29 19
29 17
29 15
29 13
29 11
29 9
27 123
27 121
27 119
27 117
27 115
27 113
27 111
27 109
27 107
27 105
27 103
27 101
27 99
27 97
27 95
27 93
27 91
27 89
27 87
27 85
27 83
27 81
27 61
27 59
27 57
27 55
27 39
27 37
27 35
27 33
27 31
27 29
27 27
27 25
27 23
27 21
27 19
27 17
27 15
27 13
27 11
27 9
25 123
25 121
25 119
25 117
25 115
25 113
25 111
25 109
25 107
25 105
25 103
25 101
25 99
25 97
25 95
25 93
25 91
25 89
25 87
25 85
25 83
25 81
25 61
25 59
25 57
25 55
25 39
25 37
25 35
25 33
25 31
25 29
25 27
25 25
25 23
25 21
25 19
25 17
25 15
25 13
25 11
25 9
23 123
23 121
23 119
23 117
23 115
23 113
23 111
23 109
23 107
23 105
23 103
23 101
23 99
23 97
23 95
23 93
23 91
23 89
23 87
23 85
23 83
23 81
23 61
23 59
23 57
23 55
23 39
23 37
23 35
23 33
23 31
23 29
23 27
23 25
23 23
23 21
23 19
23 17
23 15
23 13
23 11
23 9
21 123
21 121
21 119
21 117
21 115
21 113
21 111
21 109
21 107
21 105
21 103
21 101
21 99
21 97
21 95
21 93
21 91
21 89
21 87
21 85
21 83
21 81
21 61
21 59
21 57
21 55
21 39
21 37
21 35
21 33
21 31
21 29
21 27
21 25
21 23
21 21
21 19
21 17
21 15
21 13
21 11
21 9
19 123
19 121
19 119
19 117
19 115
19 113
19 111
19 109
19 107
19 105
19 103
19 101
19 99
19 97
19 95
19 93
19 91
19 89
19 87
19 85
19 83
19 81
19 61
19 59
19 57
19 55
19 39
19 37
19 35
19 33
19 31
19 29
19 27
19 25
19 23
19 21
19 19
19 17
19 15
19 13
19 11
19 9
17 123
17 121
17 119
17 117
17 115
17 113
17 111
17 109
17 107
17 105
17 103
17 101
17 99
17 97
17 95
17 93
17 91
17 89
17 87
17 85
17 83
17 81
17 61
17 59
17 57
17 55
17 39
17 37
17 35
17 33
17 31
17 29
17 27
17 25
17 23
17 21
17 19
17 17
17 15
17 13
17 11
17 9
15 123
15 121
15 119
15 117
15 115
15 113
15 111
15 109
15 107
15 105
15 103
15 101
15 99
15 97
15 95
15 93
15 91
15 89
15 87
15 85
15 83
15 81
15 61
15 59
15 57
15 55
15 39
15 37
15 35
15 33
15 31
15 29
15 27
15 25
15 23
15 21
15 19
15 17
15 15
15 13
15 11
15 9
13 135
13 133
13 131
13 129
13 127
13 125
13 123
13 121
13 119
13 117
13 115
13 113
13 111
13 109
13 107
13 105
13 103
13 101
13 99
13 97
13 95
13 93
13 91
13 89
13 87
13 85
13 83
13 81
13 79
13 77
13 75
13 73
13 71
13 69
13 67
13 65
13 63
13 61
13 59
13 57
13 55
13 53
13 51
13 49
13 47
13 45
13 43
13 41
13 39
13 37
13 35
13 33
13 31
13 29
13 27
13 25
13 23
13 21
13 19
13 17
13 15
13 13
13 11
13 9
11 135
11 133
11 131
11 129
11 127
11 111
11 109
11 107
11 105
11 103
11 89
11 87
11 85
11 83
11 81
11 65
11 63
11 61
11 59
11 57
11 55
11 37
11 35
11 33
11 31
11 29
11 27
11 25
11 23
11 21
11 19
11 17
11 15
11 13
11 11
11 9